$SPEC_ID:
No sample description was entered.
$SPEC_REM:
DET# 1
DETDESC# PHYSPRAK2 926
AP# Maestro Version 7.01
$DATE_MEA:
10/21/2024 11:06:45
$MEAS_TIM:
3546 3601
$DATA:
0 8191
       0
       0
       0
       0
       0
       0
       0
       0
       0
       0
       0
       0
       0
       0
       0
       0
       0
       0
       0
       0
       0
       0
       0
       0
       0
       0
       0
       0
       0
       0
       0
       0
       0
       0
       0
       0
       0
       0
       0
       0
       0
       0
       0
       0
       0
       1
       0
       1
       1
       3
       9
      14
      34
      67
     120
     189
     218
     262
     253
     286
     352
     345
     370
     359
     405
     393
     432
     388
     385
     410
     363
     420
     424
     376
     439
     377
     377
     376
     373
     409
     439
     361
     340
     364
     389
     368
     375
     361
     352
     345
     349
     339
     347
     304
     320
     315
     287
     299
     300
     277
     269
     276
     262
     254
     220
     233
     215
     222
     222
     229
     220
     184
     201
     179
     183
     181
     190
     159
     149
     140
     162
     141
     125
     145
     149
     125
     142
     105
     100
     119
      94
      93
      87
      76
      90
      91
      73
      65
      74
      65
      55
      69
      54
      50
      69
      51
      44
      52
      57
      31
      57
      37
      42
      43
      43
      54
      31
      42
      34
      43
      29
      42
      41
      32
      46
      36
      36
      38
      34
      27
      35
      23
      33
      25
      28
      35
      41
      28
      29
      31
      29
      26
      25
      23
      29
      32
      37
      23
      39
      29
      30
      24
      18
      32
      23
      25
      23
      25
      24
      21
      25
      19
      20
      28
      27
      36
      21
      23
      22
      19
      29
      26
      21
      20
      22
      13
      15
      20
      22
      18
      27
      22
      15
      29
      15
      19
      20
      24
      22
      14
      22
      14
      19
      30
      19
      29
      21
      24
      14
      20
      19
      25
      21
      15
      16
      22
      22
      13
      20
      15
      18
      20
      19
      18
      28
      18
      12
      16
      13
      16
      18
      25
      11
      20
      17
      25
      12
      20
      12
      17
      19
      15
      15
      26
      13
      22
      16
      13
      10
      27
      15
      18
      19
      25
      18
      16
      17
      14
      17
      21
      17
      16
      16
      20
      16
      19
      19
      17
      16
      19
      12
      21
      24
      15
      21
      18
      15
      16
      18
      27
      13
      22
      21
      11
      21
      19
      13
      10
      18
      17
      14
      15
      15
      17
       9
      17
      16
      20
      15
       8
      16
      16
      20
      16
      19
      18
      18
      25
      17
      17
      14
      11
       7
      14
      15
      13
      17
      12
      20
      13
       9
      22
      28
      15
      10
      15
      17
      12
      11
      16
      24
      14
      18
      16
      20
      16
      23
      10
      23
       7
      14
      21
      12
      13
      20
      14
      21
      14
      10
      12
      11
      20
      21
      17
      12
      13
      15
      12
      25
      15
      18
      14
      22
      14
      22
      14
      21
      17
      15
      15
      13
      17
      16
      21
      15
      16
      12
      12
      18
      13
      14
      12
      18
      19
       4
      12
      10
      12
      18
      10
      14
      16
      13
      11
       8
       8
      21
      16
       9
      16
       9
      14
      17
      18
      21
      17
      14
      16
      17
      18
      27
      16
      16
       6
      18
      17
      15
      12
      15
      16
      14
      13
       7
      15
      10
      16
      11
      19
      16
       4
      13
      10
      18
      18
      16
       8
      13
      11
      13
      14
      15
      18
      18
      10
      22
      13
      15
      14
      13
      10
      16
      15
      13
      15
      12
      18
      16
      15
      15
       9
      16
      13
      13
      15
      10
      17
      15
      12
      14
      20
      16
      15
      12
      19
      13
       6
      19
      22
      13
      16
      15
      12
      13
      16
      14
      16
      23
      12
      11
      12
      12
      19
       7
      16
      13
      17
      10
      15
      14
      16
      20
      15
      16
      10
      14
      15
      12
       9
      15
       7
       9
      20
      16
      24
      14
      13
      13
      16
      21
      12
      19
      18
      15
      13
      14
      12
      16
      22
      10
       4
      18
      12
       8
      18
      14
      16
      12
      15
      12
      13
      19
      21
      14
      18
      16
      15
      18
      11
      18
      13
      12
      12
      12
       8
      13
      13
      14
      15
      14
      11
      14
      11
      11
      10
      19
      11
      16
      18
      16
      12
       9
      13
      16
      11
      16
       9
      19
      16
      17
      18
      10
      16
      18
      12
      11
      12
      24
      17
      15
      12
      16
      20
      11
      16
      15
      18
      14
      12
       9
      11
      12
      22
      14
      17
      13
      13
      16
      15
      14
      20
      15
      17
      14
       7
      12
       9
      12
      15
      10
      14
      15
      12
      16
       4
      18
      12
      15
      12
      14
      12
       9
      16
      16
       8
      13
      13
      12
       7
      19
       8
      20
      10
      10
      11
       9
      13
      16
      16
      17
      13
      14
       9
       7
      13
      17
      23
      20
      16
      12
      19
      12
      12
      18
      12
      13
      24
      14
       7
      12
      12
      15
      11
      10
      12
      12
      19
      18
       9
      14
      18
      17
      22
      25
      17
      17
      16
      20
      13
      12
      10
       9
      13
      23
      15
      14
      25
      16
      23
       7
      21
      26
      15
      17
      12
      19
      10
      19
      15
      17
      20
      16
      12
      13
       8
      13
      13
      16
      20
      11
      12
      12
      18
      16
      17
      15
      16
      12
      22
      14
      12
      11
      19
      16
       7
      12
      12
      12
      15
      17
      12
      15
       9
      15
      21
      17
      12
      13
      13
      11
      18
      14
      12
      17
      13
      13
      16
      13
       9
      13
      10
      16
      14
      14
      10
      12
      15
      14
      16
      16
       9
      15
      14
       9
      24
      14
      12
      17
      10
      11
      18
       9
      20
      15
      14
      15
       8
      15
      13
      15
      13
      21
      13
      14
      20
      14
      15
      10
      19
      15
      13
      12
      19
      13
      19
      18
      10
      14
      13
      14
      15
       7
      13
      12
      15
      16
      12
      13
      16
      17
      11
       9
      19
      17
      12
      12
       9
      22
      15
       9
      12
      10
      12
      12
      16
      12
      18
      17
      15
      21
      11
       9
       9
      12
      15
      15
      22
      11
      21
      20
      22
      11
       8
      13
      11
      14
      11
      11
      15
      12
      14
       4
      14
      12
      18
      15
      17
      17
      13
      14
       9
      15
       9
      10
      19
      15
      22
       7
       8
      18
      14
      11
      14
      14
      13
      16
      18
      19
      11
      13
      14
      14
      13
      12
      19
      10
       9
       7
       9
      14
       8
      13
      11
      15
      18
      16
      15
       8
      12
      13
      15
       8
      15
      14
      11
       9
      14
      14
      18
       7
      12
      18
      15
       9
      10
      17
      15
      13
      17
      16
      19
       6
      19
      11
      23
      10
      11
      15
       9
      18
      18
      15
      17
      11
      13
      15
      12
      20
      17
       5
      14
      10
      17
      13
      16
      11
      16
      13
      16
      20
      16
      15
      10
      16
      11
      13
      17
      17
      20
      11
      10
      10
      11
      15
      17
      11
      16
      19
      15
      15
      17
      17
      10
      19
      12
      15
      16
      17
      17
      12
      16
      14
       9
      11
      11
      11
      18
       9
      22
      12
      12
       8
      12
      16
      12
      19
      12
       8
      15
      15
      10
      15
      11
      13
      10
      11
       9
      11
      16
       6
       9
      14
       9
      14
      16
      17
      15
      12
      15
      12
      14
      13
      10
      17
      13
      19
      11
       9
      11
      13
      10
      11
      14
      13
       8
      13
      16
      18
      12
      21
      17
      15
      18
      18
      14
      20
      11
      11
      23
      12
      10
      19
       9
      15
       6
      20
      18
      10
       9
      14
      21
      14
      14
      16
      13
      15
      17
      14
      11
      15
      10
      13
      13
       3
      17
      10
      17
      13
      10
       8
      18
      14
      13
      17
      11
      22
       8
      18
      16
      13
      17
      12
      10
      21
      13
       6
      16
       7
      10
       9
      20
      12
      12
       7
      12
      14
      13
      14
      16
      16
      17
      17
      10
      13
      17
      12
      17
      15
      12
      13
      15
      18
      17
      10
      17
      18
      12
      10
      17
      14
      21
       6
      14
      17
      15
      11
      14
      13
      14
      11
      15
      10
      17
      16
      12
      11
      17
      14
      13
      10
      18
      14
      25
      19
      15
      15
      13
      24
      16
       8
       9
      11
      13
       8
      11
      16
      21
      15
      12
      17
      17
      17
      10
       9
      12
      19
      14
      19
      10
      18
      12
      10
      12
      12
      12
      11
      20
      14
      15
      12
      12
      14
      10
      16
       9
      14
      21
       9
      17
      17
      16
      12
      23
      11
      10
      14
      15
      16
      16
      12
      16
      12
      13
      13
      17
      14
      16
      11
      12
      14
      12
      14
       6
      15
      14
      17
      20
      10
      15
      18
      17
      11
      10
      13
      13
      17
      17
      19
      18
      10
      11
      12
      13
      13
      19
      11
      14
      19
      14
      10
      16
       9
      10
      13
      21
      12
      12
      20
      14
      16
      13
      13
      13
      17
      13
      16
      13
      11
      17
      12
      12
      24
      31
      15
      16
      14
      13
      14
      14
      20
      16
      12
      15
      20
      15
      22
      10
      19
      13
       8
      14
      15
       9
      15
      16
      14
      14
      10
      19
      18
      14
      17
      13
      11
      13
      16
      12
      16
       7
      11
      15
      13
      21
      12
      15
      22
      12
      16
      17
      14
      11
       8
       9
      10
      13
      17
      12
      10
      11
      18
       8
      23
      12
      14
      18
      17
      12
      17
      10
      14
      15
       6
       8
      14
      10
      12
      12
      13
      16
      16
       9
      19
       7
      20
      12
      19
      14
      12
       7
      16
      10
       9
      10
      14
      15
      22
      12
      11
      22
       9
      21
      27
      19
      15
      16
      13
      23
      12
      11
      16
      17
      13
      14
      11
      16
      17
      19
      18
      12
      13
      16
      12
      13
      14
       9
      26
      14
      18
       9
      17
      16
      14
      16
      14
      15
      13
      12
       4
      17
      17
      12
      13
      15
      14
      16
      13
      12
      13
      14
      12
      11
      13
      18
      12
      11
      19
      12
      15
      11
      15
      15
      19
      12
      18
      15
      14
      20
       7
      12
       9
      16
      12
      14
       7
      10
      25
      14
      18
      14
      17
      16
      15
      16
      18
      19
      10
      12
      22
      10
      17
      11
      14
      10
      16
      17
      14
      17
      10
      15
       6
      14
       6
      12
      16
      13
      15
      12
      11
      15
      13
      13
      12
      16
      17
      11
      12
      15
      16
      13
      14
      16
      18
       9
      12
      13
      12
      10
      17
      22
      16
      14
      13
      15
      15
      17
       7
      13
      14
      17
      11
      14
      17
      15
      15
      17
      10
      13
      17
      16
      14
      16
      13
      17
      14
      14
      11
      18
      12
      16
      15
      10
      15
      13
      14
      13
      13
      14
      16
      18
      14
      18
      17
       8
      15
      17
      12
      16
      17
      15
      16
      19
      19
      20
      11
      16
      13
      15
      14
      17
      19
      20
      14
      16
      10
      12
      17
      14
      20
      14
      12
       9
      13
      16
      10
      17
      17
      15
       8
      14
      17
       9
      18
      18
      13
      21
      19
      18
      16
      14
      14
      15
      13
      18
      12
      17
      16
      18
      22
      14
      16
      12
       6
      12
      21
      18
      14
      16
      17
       9
      10
      13
      14
      20
      13
      21
      19
      11
      14
      16
      21
      20
      15
      15
      20
      14
      21
      10
      14
      18
      17
      18
      16
      20
      12
      11
      12
      22
      12
       7
      21
      15
      17
      16
      13
      15
      18
      18
      10
      23
      18
      16
      12
      17
      15
      15
      14
      11
      17
       9
      13
      10
      14
      11
      22
      17
      14
      10
      14
      15
      14
      15
      14
      11
      14
      19
      15
      19
      17
      17
      22
      18
      17
      16
      12
      18
      20
      13
      19
      14
      16
       9
      13
      18
      10
      25
      16
      13
      12
      19
      24
      12
      16
      19
      20
      14
      12
      18
      16
      10
      16
      21
      15
      15
      14
       7
      22
       8
      19
      13
      20
      21
      21
      17
      23
      26
      18
      11
      23
      14
      13
      20
      15
      22
      18
      16
      11
      17
      26
      23
      22
      19
      17
      18
      12
      16
      21
      16
      20
      19
      19
      16
      18
      14
      11
      20
      20
      27
      26
      21
      23
      22
      22
      18
      25
      25
      26
      18
      17
      32
      12
      24
      24
      27
      23
      32
      27
      22
      20
      18
      23
      27
      17
      22
      27
      31
      28
      22
      26
      26
      21
      15
      28
      22
      31
      21
      20
      35
      28
      31
      24
      23
      21
      17
      35
      35
      15
      17
      19
      20
      17
      24
      27
      31
      28
      23
      22
      21
      29
      21
      26
      17
      19
      16
      25
      27
      18
      19
      20
      19
      36
      21
      31
      20
      20
      19
      28
      26
      20
      21
      21
      16
      26
      25
      29
      11
      22
      24
      21
      27
      18
      20
      20
      15
      22
      19
      27
      20
      22
      17
      21
      21
      19
      15
      24
      19
      30
      19
      24
      18
      33
      20
      27
      18
      19
      14
      23
      23
      18
      22
      19
      23
      20
      20
      19
      16
      24
      17
      26
      18
      20
      17
      11
      20
      25
      19
      16
      20
      18
      20
       9
      18
      15
      23
      18
      17
      19
      20
      12
      19
      15
      19
      23
      20
      22
      24
      18
      10
      12
      26
      19
      15
      22
      24
      16
      21
      20
      14
      18
      16
      18
      18
      13
      18
      17
      14
      15
      21
      14
      19
      13
      13
      24
      18
      18
      20
      19
      12
      11
      20
      23
      18
      16
      14
      26
      11
      13
      17
      28
      29
       5
      19
      12
      19
      13
      15
      16
      17
      14
      17
      15
      15
      13
      15
      20
      10
      14
      14
      14
      15
      18
      13
      10
      17
      10
      19
      21
      15
      21
      16
      17
      10
      20
      19
      14
      12
      21
      18
       7
      21
      19
      20
      22
      23
      15
      15
      16
      17
      13
      10
      16
      24
      15
      17
      18
      11
      17
      10
      17
      14
      13
      21
      15
      15
      14
      17
      17
      15
      14
      11
      16
      15
      12
      12
      11
      16
      15
      15
      18
      10
       6
      10
      12
      18
      13
      10
      18
      17
       9
       9
       5
      14
      14
      11
      17
      12
       8
      14
      15
      17
      18
      15
      10
       8
       9
      12
      17
      21
      16
      16
      14
      17
      10
      18
      13
       8
      11
      14
       8
      10
      17
      19
       7
      18
      14
      14
       9
      16
      15
      13
       9
      11
      12
      10
      12
      10
      22
      14
       9
      15
      11
       9
      11
      16
      19
      11
      11
      13
       7
       7
      14
      19
      12
       9
      13
       8
      11
      10
      13
      17
      11
      20
      16
      11
       6
      20
      11
      13
      11
      13
       9
      11
      18
      18
      17
      13
      16
      12
      15
      17
      12
       8
      16
       7
      15
      12
       8
      16
       3
      12
      12
      11
      13
      10
      10
      16
      11
       8
       7
      16
      10
       8
      14
      10
      12
       8
      19
      12
      15
      20
      11
      16
      10
       7
      12
      13
       9
       5
       7
      15
       9
       7
      13
       9
      14
      13
       8
      11
      18
      12
      11
       5
      12
      16
       9
      14
      18
      12
      11
      11
      20
      14
       9
      12
      12
      11
       9
       7
      15
      13
      14
      16
      10
      10
      14
       7
       7
      10
       8
      16
      14
       9
       9
      12
      18
      13
       8
      13
       9
      10
      15
      16
       8
      11
      10
       8
       6
      12
      15
      16
      16
      14
       8
      10
       5
      13
      13
       9
      13
       9
      16
      16
      10
      11
       7
      12
       9
      10
       8
      15
      14
      16
      11
      12
      14
      14
       8
      14
       9
      16
      12
      10
      10
      12
      11
      11
      14
      16
      12
      17
      13
      12
       8
       9
      16
      11
      13
      18
       8
      13
       3
      20
       9
      14
      15
      13
       5
      13
       9
      11
       9
      16
      13
      11
      11
      11
      12
      16
       4
      13
      13
      15
      12
      15
       9
      10
      15
      18
       8
       9
       7
      19
       8
      10
       7
       8
      10
      11
       6
      19
      14
       7
      13
      10
       5
       9
      15
       7
       4
      16
      12
      17
      17
      13
      13
       9
       9
      12
       9
       9
      14
      10
      12
      11
      15
      10
      12
      13
      11
      16
      15
      10
      14
       7
       8
      16
      15
      16
      11
       9
      15
       9
       9
      13
      13
      11
      11
      14
      18
      12
      15
       9
      11
      12
      13
      10
      11
       9
      10
       8
       8
       9
      11
      14
      10
       9
       8
       5
      11
       9
       9
      12
       8
       9
       9
       6
       9
      12
      12
      14
      10
       8
      11
      17
      15
      15
      19
      11
      18
      14
      12
      13
       6
       5
      15
       7
      13
       9
      11
      16
      14
       7
       8
       7
      10
      11
      11
      16
       8
      11
       6
      11
      13
       8
       8
       8
      11
       8
      12
      14
      11
       8
      15
       3
      12
      11
      13
      10
      11
      10
       4
       8
      10
      14
       9
      10
       5
      10
      13
      11
      11
      12
       8
       6
      11
       6
       9
      15
       8
       9
      11
       9
      10
      12
      13
      14
      12
       7
      13
       9
       9
      15
       7
       8
       8
       9
      13
      10
      16
       9
      14
      16
       6
      12
      11
      11
       8
       8
       9
       7
      11
       8
       7
      11
      14
       9
      10
      12
      12
      12
       8
      10
      11
      16
      10
       7
       6
      12
      12
       5
      14
      14
      15
      10
       9
      19
       9
      11
      10
      15
      10
      10
       9
       8
       7
       9
      11
       8
       6
      11
       9
       7
       6
      14
       7
       8
       7
       9
       9
       8
       6
       7
      12
       8
       9
       6
      11
       9
      13
       8
       7
      10
       6
      11
      13
       8
       2
      13
       7
       8
       6
      17
      10
      12
      13
       8
      12
       8
      13
       8
       9
       7
      14
      12
      12
      11
      11
       9
       5
       9
      10
      11
      11
      14
       8
      13
       9
      11
      19
      12
       7
      18
      12
      15
      12
      14
      17
      10
      13
      16
      13
      15
       4
      14
      14
      11
      12
       8
      17
      11
      10
       4
      11
       4
       8
      17
       9
      10
      10
      10
      12
       3
       9
      11
      12
      16
      18
      11
       9
       8
      10
      11
       6
      12
       8
      11
      13
       9
       8
      13
      10
       6
       3
      16
       9
      13
      14
      17
      10
      11
       7
       8
      11
      10
      12
      15
      11
       7
       8
      14
      14
      14
      10
       5
       7
       9
      16
       9
       6
      13
       6
      15
      13
       6
      11
      12
       7
       7
      11
      11
      11
       8
       8
       4
       8
      13
       9
       9
       4
      12
      15
       3
      12
      12
       9
       7
      10
      10
      12
       4
       6
       9
       8
       9
       9
      18
       9
      15
       9
      12
       9
       9
      11
      10
       9
      12
       8
       9
      10
      11
       9
      11
      14
       7
      14
      10
      12
      13
      15
      10
      12
      11
       6
      16
       8
       7
      17
      13
       9
      12
       9
       8
       9
      11
      14
      11
      12
      12
      10
       7
       6
       8
       6
       2
      12
       8
       9
      10
       9
       9
       9
       8
      11
      10
       9
       7
       8
       9
      10
      10
      13
      10
      10
      17
      11
      11
      10
      11
       9
      10
      10
       8
      12
       8
      10
      12
       8
      10
      12
      10
      10
       5
      10
       6
      10
       7
      15
      10
      11
       5
       7
      13
       9
      11
       8
       8
      12
       6
      11
      15
      10
      10
      10
      16
      10
       5
       6
       9
       6
      10
      11
      14
      10
       8
      13
      11
      13
       8
       8
       4
       8
      11
       4
      10
      11
      15
       7
       9
      11
       9
      11
      10
      11
       5
      10
       8
      11
       7
       3
      13
       8
      13
       6
      14
       9
       8
      12
      13
       3
      12
      13
      11
      10
       5
      13
       7
      10
      10
       7
      14
      10
      10
      14
       9
      12
      17
       8
      10
      11
       8
       6
       9
       5
      12
      10
      13
       6
       8
      11
      10
      10
       8
      17
       8
      14
      12
       6
       9
       8
      12
      12
       8
      10
       8
      13
       8
       5
       2
       9
      10
       7
      15
      10
       5
       8
       8
      19
       7
       8
       9
       8
       7
      12
      14
       5
      14
      15
      12
      10
      17
       9
       9
      11
       7
       7
       8
      10
       7
       8
       9
      10
       5
       7
      10
       8
      18
       7
       8
      12
       7
      11
      14
      10
      14
      11
       7
      13
       6
      16
       8
      17
      13
       9
      14
      16
       7
       7
      10
       8
       8
      13
       8
       9
      15
       9
      11
      10
       8
       9
      17
       7
       8
       8
      13
       8
       8
      13
       5
       8
       6
      10
      13
       5
       6
       8
       6
      10
       9
       8
      11
       7
      10
      10
      10
      10
       6
      13
      10
      10
       9
       9
       8
      10
      11
       7
      16
       8
      12
       8
      15
      14
       6
      16
       9
      12
       5
      10
      11
      11
      13
       9
      10
      10
       9
      12
      14
       9
       6
       6
      15
       9
      15
       8
      14
      12
       6
       9
       8
       8
       6
      18
      12
       6
      13
      12
      10
      10
      14
      11
       9
       8
      11
      14
      14
      11
       8
      12
      12
      13
       3
      12
       8
      10
       6
       9
       4
       6
      11
       9
      10
      10
       5
      11
      10
      10
      10
      17
       7
      14
       5
      13
       7
      12
      12
      10
      10
       8
       4
      15
      11
      12
       8
      10
      10
       8
       8
      13
      12
      11
       9
       6
       9
      11
       4
       8
       5
       9
      11
       8
       7
       9
      10
       8
      10
       4
       7
      10
       7
       6
       5
       9
       6
       6
      13
      10
       8
       6
      12
      10
       5
       7
      11
      11
      13
       8
      13
       7
      10
       9
       8
      11
      12
       7
       6
      20
       8
      15
       9
       6
       8
       8
      12
       9
       4
      10
       8
       3
      10
      10
      12
      14
       8
       8
       8
       6
      12
      15
      18
      17
      10
       8
      11
       8
      10
       7
      10
       6
       7
      10
       9
       9
       8
      10
       9
      14
      11
      11
      12
       8
      10
       7
       8
      12
      14
       5
      10
      16
       5
      12
       9
       8
       9
       9
       9
       9
       7
       7
      12
      11
      10
       9
       6
       8
      10
       3
      10
      10
       7
      12
       9
      12
      12
       8
      10
      15
      14
      15
      13
      11
       6
       5
      11
      12
      11
      10
       6
      13
      11
       8
      11
      11
      16
      13
       9
      12
       8
      13
       5
      10
       5
       8
      10
      11
      12
      12
       9
       8
       7
       9
       6
      14
      15
      13
       6
       7
       6
       7
      10
      12
       7
      13
      11
       8
       8
       9
      12
       9
       9
       6
       7
      10
       8
      13
      16
      13
       8
       6
       8
       6
       6
       9
      10
      11
      12
      13
       7
       6
      11
       9
      10
      15
       8
       9
       5
       7
       3
      10
      12
       6
       9
       9
      17
      15
       9
      12
       7
      10
       9
      10
      10
      13
       7
       6
      11
      12
      12
      13
      12
      10
      17
       9
      11
       6
      10
      11
       8
      12
       8
      11
      18
      14
      11
       5
       6
       9
      11
      11
       6
      18
      14
       8
       5
      15
       8
      15
      17
      10
       7
       9
       8
       4
       8
      15
       7
      13
       6
      16
      10
      10
      11
      11
       7
      11
      15
      11
      13
      16
      11
      12
      10
       7
      10
      10
      11
      10
      10
      17
      13
      10
      15
       9
      11
      13
      10
      10
      13
      12
      10
       6
      11
       9
       9
      13
       5
      10
       9
       7
       7
      12
      13
       8
      10
       8
       9
       9
       9
      13
       7
      10
       7
       8
       8
      13
      19
      11
      11
       8
      14
       9
       3
      10
       9
       8
       8
       8
      18
       5
      11
      14
       9
       7
      10
      12
       9
       3
      10
      15
      10
       6
      11
      16
       7
      11
       8
      12
      11
      11
       7
       6
      11
       8
       6
      14
      15
      13
      11
      12
      11
      10
      12
      10
       5
       8
      10
      10
      13
      11
       9
      10
      12
       8
       5
      10
       6
       9
       9
       6
       9
      15
       9
      12
      13
       8
      12
      12
       9
      10
       7
       8
       7
      12
      16
      10
      15
       7
       9
       7
       9
      15
       6
      13
       9
       6
       6
      15
      13
       9
      11
      10
      15
       9
      11
      12
      10
       9
       9
       8
       7
       8
       6
       6
      15
      12
      10
       4
       8
       8
      10
       6
      18
       9
      12
      11
      11
       7
      12
      11
       5
      10
      12
       8
      11
       7
      11
      10
       6
       6
      12
      10
      10
      10
       8
      14
       8
       9
      10
      12
      11
       9
      13
      19
       6
       9
      14
      11
      10
      14
      10
       6
      12
       7
      12
      13
       9
      10
       8
      13
      13
      14
      12
      10
       9
      15
       9
      19
      10
       8
      10
       6
      10
       8
      10
       8
       9
       5
       9
      16
      16
      10
       4
      10
       6
      14
      13
       5
      13
       9
       7
       7
      12
      10
       8
      13
      15
       8
      10
       7
      10
      12
       8
       8
      15
       9
      16
       6
      11
      12
      13
       7
       8
      13
       9
       8
       7
      13
       9
      11
      16
       8
       4
       7
       7
      13
      10
       9
      12
       5
      11
      10
      16
      11
      11
      13
       9
       8
      10
      12
      10
       6
      12
      12
      12
      17
      15
      10
      11
      19
      12
      13
       8
       8
       9
       9
      11
      13
      12
      11
       8
       9
      12
       7
      11
      12
       6
      10
      13
       9
      11
       8
      10
      10
       8
       7
      10
      11
       5
       9
      13
      12
      15
      11
      11
      11
       9
      10
      15
      11
      10
      12
       6
      11
       7
       8
      14
       6
       9
      10
       8
      10
       9
       7
      10
       4
      10
      10
      11
      11
       6
       9
      18
       8
      15
       7
       8
       6
       6
       6
      14
       7
       7
      13
       9
       9
      10
       8
       9
      12
      12
       9
      14
      10
       8
       7
       6
       6
      13
       9
      11
      12
      13
       8
       6
       9
       5
      12
      13
      13
       8
       9
      12
      11
      15
      15
      16
       7
      13
       6
      10
      11
       8
      11
      12
      14
      12
      10
       9
      13
       6
      11
       8
      11
      12
      11
      14
      15
       9
      13
      13
      10
       8
      14
      10
       9
      10
       8
       9
       9
       6
      11
      10
      13
      11
       6
       8
      10
      13
      11
      14
      14
      14
      13
      10
      15
       5
      11
      14
      12
      11
      11
       7
      10
      19
      12
      10
      10
       9
      10
      17
      10
      12
      11
      14
      21
      11
      17
      10
      12
      17
      14
      10
      16
      13
      12
      10
      13
      11
       8
       8
       7
       8
      11
      11
      12
       9
       6
      19
      10
      13
       7
      15
      12
      12
       6
       7
       6
       9
       6
      11
      18
      10
       8
       9
       9
       9
       9
      12
      12
      10
       6
      16
      10
       8
      11
      11
      10
      13
      14
      15
       5
      13
      14
       8
      12
       7
       7
       9
      10
      18
      11
       7
       7
      16
      10
       7
       7
      12
      12
      15
       9
       8
       9
      12
      14
       8
       6
      14
      11
       7
      13
       9
      12
      14
      12
      13
      10
      14
       9
      12
      16
      12
      14
       6
      11
       5
      11
       7
      10
      15
      14
      12
      15
       9
      18
      13
       6
      14
       2
       7
       8
      10
       9
      10
       9
       8
      12
      13
      12
      11
      14
       8
      11
       8
      13
      15
       6
      14
      16
      15
      14
      10
       9
       6
       9
      10
      13
      14
      14
      15
       9
       6
      17
      15
       9
       8
      12
      12
       6
      14
       6
      14
      13
       9
      17
      12
      14
      12
      10
      13
      15
      13
      12
      10
      18
      16
      14
      14
       7
      16
      14
      14
       9
      10
      12
      17
      10
      13
      10
       9
       8
      12
      14
      19
      10
      12
      17
      14
       9
      14
      14
      10
       9
      13
      13
       9
       9
      10
      13
      10
       9
      20
      11
      17
      14
      17
      12
      14
      12
      12
      16
      13
      14
      10
      21
      12
       9
      10
      12
      13
      11
       8
      12
      11
      20
      11
       6
      14
      18
      11
      16
      16
       5
      11
      15
      15
       9
      11
       9
      15
      17
       5
      12
      11
      12
      14
       7
      16
       8
      11
      10
      14
      11
       9
      12
      14
      20
      13
      15
       7
      14
      12
      12
      11
       6
      10
      14
      13
      18
      19
      22
      10
      15
      11
      10
      15
       6
      14
      15
      13
      10
      10
      14
      13
      15
      14
      12
      13
      11
      13
      15
      12
      11
      11
      19
      14
      11
       8
      12
      14
      12
      16
      18
      16
       9
      14
       7
      14
      14
      18
      11
      10
      17
       8
      18
      10
      10
      19
      17
      14
       4
      16
       9
      16
      10
      18
       9
      13
      15
      10
      15
      22
      15
      16
       8
      18
      18
      14
      13
      10
      18
      15
       9
      12
      12
      10
      15
      15
      14
      11
       9
      20
      18
      11
       9
      11
       8
      11
      10
      10
       8
       9
       9
       9
      14
      12
      21
      12
       9
      19
      15
      10
      10
      16
       9
      18
      17
      11
      20
      15
      15
      15
      19
       8
       7
      21
      13
      13
      10
      21
      10
      13
      15
      17
       8
      11
      11
      16
      10
      15
      15
      19
       9
      17
      13
      18
       8
      13
       9
      12
      11
      17
      10
      20
      13
      13
       7
      12
      11
       6
      14
      21
      11
      14
      17
      12
      14
      14
      16
      13
       7
      12
      15
      15
      15
      12
      11
      14
      18
      14
      16
       8
      11
      13
      13
      11
      20
      11
      14
      15
      13
      18
      16
      17
      16
      16
      13
      16
      12
      17
      11
      12
      17
      13
      15
      14
      20
      18
      14
      17
      20
      13
      22
      10
      14
      24
       9
      13
      13
      19
      13
      16
      10
      15
      13
       7
      12
      10
      21
      12
      21
      13
       6
      23
      15
      14
      15
      20
      14
      11
      15
      14
      13
       9
      14
      12
      17
      17
      17
      14
      11
      10
      10
       9
      15
      14
      16
      14
      15
      15
      10
      21
      12
      18
      18
      13
      13
      13
      13
      10
      12
      14
       9
      13
      20
      10
      21
       8
      14
      11
      13
      23
      23
      21
      22
      17
      14
      10
      19
       9
      12
      15
      10
       7
      12
      12
      13
      25
      20
      13
      14
      13
      19
      11
      13
      13
      18
      16
      16
      14
      16
      14
      21
      14
      16
      10
      12
      14
      12
      18
      11
      13
      14
      26
      16
       9
      15
      19
      16
      16
      16
      10
      18
      18
      19
      11
      17
      12
      19
       6
      14
       9
       4
      15
      21
      16
      11
      18
      12
      17
      16
      14
       9
      21
      12
      12
      19
      15
      17
      15
      12
      18
      18
      15
      19
      19
      14
      18
      20
      15
      16
      14
      13
      12
      17
      12
      16
      14
      17
      12
      19
      15
      12
      16
       9
      23
      17
      17
      12
       9
      13
      22
      14
      12
      19
      11
       9
       8
      13
      12
      19
      11
      11
      13
      19
       9
      15
      17
      16
      20
       9
       9
      11
      24
       9
       6
       6
      11
      14
      20
      13
      23
       9
      10
      15
      16
      18
      13
      11
      16
      14
      12
      12
      11
      18
      10
      11
       9
      13
       9
      11
      12
      12
      13
      10
      12
       4
       8
      11
      14
       8
      13
      14
      11
      10
       7
      10
      14
       7
      14
       8
      12
       6
      13
       6
       7
       8
       8
       8
      12
      10
      13
       8
       7
      12
       8
      10
      13
      10
      10
       6
       7
       8
      15
       9
       5
      11
       8
       7
      10
       2
       7
       9
       9
      10
       9
      10
       8
       8
       6
       8
       9
       5
       8
       7
       7
      11
       7
      10
       4
      11
       9
       5
      11
      13
      14
       5
       3
      13
       3
       4
      10
       4
       0
      16
       4
       6
       9
       7
       6
      12
       7
       5
       7
       5
       8
       6
       2
      11
       9
       2
       3
       7
       6
       9
       5
       6
       5
       8
      16
       9
       6
       7
       9
      10
       9
       7
       9
      10
      11
      10
       8
       5
       8
       9
       9
       5
      11
       3
       6
       8
       8
       5
       8
       6
       6
       8
       9
       4
       6
      10
       8
      10
       6
      10
       9
      10
      10
       9
      10
       8
       7
       6
       4
       8
       5
       9
       9
       7
       7
       9
       3
       7
       7
       5
      11
       4
      10
       7
       4
      11
       5
       6
       6
       9
       3
       6
       7
       6
       8
       7
       2
      12
       6
       9
      10
       9
       7
       2
       5
      10
      10
       9
       4
       3
      10
       4
      10
       7
       6
       4
       1
       8
       6
       5
       7
       5
       6
       7
       6
       1
       4
       7
       6
      13
       6
       7
       4
       8
       5
       2
       7
       7
       5
       6
       6
      10
       4
       5
       8
       2
       6
       5
       4
       4
       9
       6
      10
       7
       4
       4
       5
       3
       8
       8
       2
       2
      12
       5
      12
       2
       4
       4
       8
       2
       5
       4
      10
       5
       7
       4
       5
       5
       6
       8
       7
       7
       4
       5
       7
       9
       9
       1
       7
       3
      11
      10
       6
       2
       9
       6
       9
       4
       7
       5
       5
       8
       4
      12
       3
       5
       4
       7
       7
       8
       7
       5
       5
       4
       6
       7
       9
       7
       6
      14
       4
       1
       2
       5
       4
       3
       2
       8
       5
       7
      10
       3
       5
       7
       7
       6
       7
      10
       7
       4
       4
       2
       6
       5
       4
       7
       7
       4
       2
       6
       9
       7
       6
       8
      11
       5
       6
       3
       5
       3
       1
       4
       9
       5
       3
       9
       7
       9
       6
       3
       7
       6
       8
       6
       6
       5
       7
       4
       6
       8
       1
       2
       6
       7
       6
       4
       7
       7
       2
       3
      11
       6
       8
       6
       6
       6
       4
       7
       4
       6
       2
       2
       9
      10
       3
       3
       5
       7
       6
       6
       4
       2
       1
       4
       3
       7
       3
       4
       9
       3
       4
       3
       7
       5
       3
       9
       3
       6
       5
       5
       5
       2
       9
       2
       5
       3
       2
       8
       3
       6
       3
       7
       9
       6
       5
       5
       2
       2
       8
       3
       8
       4
       3
       4
       5
       3
       4
       3
       5
       4
       1
       3
       4
       8
       3
       9
       3
       6
       4
       6
       4
       4
       3
       1
       2
       4
       4
       1
       3
       3
       6
       5
       4
       5
       0
       5
       3
       3
       5
       6
       7
       4
       2
       7
       5
       3
       6
       4
       6
       5
       4
       4
       3
       1
       5
       6
       2
       7
       2
       6
       4
       2
       4
       5
       5
       3
       4
       5
       4
       5
       6
       3
       3
      10
       6
       3
       7
       9
       6
       1
       4
       2
       1
       3
       3
       7
       4
       2
       1
       3
       7
       3
       2
       5
       2
       5
       3
       6
       3
       2
       7
       4
       3
       2
       4
       3
       4
       5
       3
       1
       6
       6
       1
       2
       4
       3
       1
       7
       4
       1
       6
       5
       4
       3
       6
       3
       4
       3
       5
       6
       7
       3
       3
       7
       2
       4
       4
       4
       0
       1
       2
       5
       3
       2
       5
       5
       2
       5
       2
       4
       5
       3
       8
       8
       4
       3
       2
       6
       5
       7
       7
       4
       4
       2
       4
       4
       6
       4
       1
       1
       3
       1
       2
       2
       5
       5
       7
       2
       4
       3
       4
       4
       1
       1
       3
       0
       3
       4
       1
       4
       3
       1
       0
       3
       6
       6
       1
       1
       6
       4
       2
       4
       1
      13
       8
       4
       4
       5
       1
       6
       4
       2
       4
       3
       2
       2
       7
       6
       5
       2
       5
       3
       3
       2
       4
       3
       4
       7
       4
       1
       6
       2
       2
       2
       6
       5
       3
       3
       2
       2
       2
       5
       3
       1
       2
       0
       3
       5
       8
       5
       6
       5
       1
       5
       2
       4
       4
       9
       2
       1
       3
       4
       1
       6
       5
       0
       7
       5
       2
       3
       1
       2
       3
       7
       5
       3
       3
       1
       1
       2
       5
       3
       3
       4
       1
       2
       4
       2
       3
       1
       4
       2
       2
       3
       3
       2
       4
       5
       1
       3
       3
       2
       1
       8
       2
       3
       2
       3
       3
       0
       2
       1
       2
       1
       0
       2
       2
       2
       4
       4
       3
       2
       2
       2
       2
       2
       1
       4
       2
       4
       6
       4
       3
       5
       0
       0
       4
       2
       4
       2
       3
       3
       3
       3
       2
       3
       2
       3
       3
       2
       4
       5
       3
       5
       2
       3
       0
       2
       3
       4
       6
       5
       5
       1
       4
       5
       2
       2
       4
       3
       1
       1
       3
       4
       2
       5
       0
       2
       0
       4
       5
       4
       0
       3
       1
       2
       2
       0
       2
       1
       2
       3
       1
       2
       5
       2
       2
       2
       4
       1
       2
       1
       0
       4
       2
       3
       4
       3
       6
       3
       1
       5
       0
       7
       3
       1
       5
       2
       1
       0
       4
       2
       3
       2
       2
       0
       3
       7
       3
       3
       2
       2
       3
       3
       1
       3
       3
       2
       0
       2
       3
       2
       0
       2
       3
       2
       1
       6
       1
       0
       3
       2
       1
       4
       1
       2
       2
       2
       2
       2
       0
       2
       1
       3
       0
       2
       5
       1
       1
       2
       0
       1
       6
       1
       0
       1
       1
       3
       3
       1
       2
       4
       1
       0
       5
       1
       1
       0
       2
       5
       3
       0
       2
       2
       2
       4
       2
       4
       2
       1
       2
       2
       2
       2
       0
       2
       3
       2
       4
       1
       3
       2
       4
       3
       0
       2
       2
       2
       3
       1
       3
       0
       4
       4
       3
       0
       2
       2
       1
       0
       2
       2
       2
       5
       1
       7
       0
       2
       0
       2
       0
       3
       3
       2
       1
       2
       4
       3
       1
       1
       0
       4
       2
       1
       5
       0
       1
       2
       2
       1
       2
       2
       2
       0
       1
       1
       0
       0
       1
       1
       1
       3
       1
       2
       1
       4
       4
       2
       2
       1
       5
       3
       2
       1
       3
       1
       1
       3
       1
       4
       4
       2
       0
       2
       3
       8
       2
       4
       1
       1
       1
       0
       1
       1
       3
       1
       2
       3
       4
       5
       2
       1
       1
       1
       4
       2
       3
       1
       2
       6
       2
       1
       1
       3
       0
       0
       1
       2
       0
       2
       0
       3
       2
       3
       2
       2
       3
       2
       3
       1
       1
       1
       3
       2
       3
       1
       1
       1
       1
       4
       3
       1
       2
       0
       3
       5
       2
       5
       2
       3
       5
       2
       3
       1
       1
       0
       1
       0
       0
       2
       1
       3
       0
       3
       0
       4
       1
       0
       2
       2
       1
       2
       1
       1
       1
       3
       1
       4
       5
       1
       1
       3
       1
       1
       1
       3
       4
       1
       2
       3
       1
       1
       1
       4
       0
       2
       2
       3
       0
       1
       2
       3
       0
       3
       2
       2
       2
       2
       2
       3
       2
       1
       0
       2
       1
       1
       1
       3
       1
       2
       3
       1
       3
       0
       0
       1
       2
       3
       2
       1
       3
       2
       0
       2
       0
       2
       1
       1
       1
       2
       3
       0
       0
       3
       1
       2
       4
       2
       6
       2
       2
       0
       0
       2
       2
       1
       2
       1
       4
       2
       0
       2
       1
       1
       0
       1
       0
       1
       3
       4
       3
       0
       2
       1
       1
       1
       2
       2
       2
       1
       1
       3
       5
       1
       1
       2
       1
       2
       2
       3
       1
       1
       1
       4
       3
       0
       1
       2
       0
       2
       2
       1
       1
       1
       2
       3
       2
       4
       1
       2
       1
       0
       0
       1
       1
       2
       2
       1
       1
       5
       1
       2
       2
       1
       0
       0
       2
       3
       3
       3
       3
       4
       1
       2
       2
       1
       4
       1
       3
       4
       2
       2
       2
       1
       2
       1
       1
       5
       2
       1
       3
       3
       2
       2
       4
       3
       2
       0
       0
       1
       3
       1
       0
       2
       2
       3
       3
       3
       0
       4
       0
       2
       3
       0
       0
       1
       1
       3
       2
       1
       1
       1
       1
       2
       0
       2
       2
       1
       3
       0
       2
       3
       3
       0
       3
       1
       0
       2
       1
       2
       1
       1
       1
       3
       1
       0
       1
       0
       3
       1
       2
       1
       3
       0
       1
       1
       1
       0
       2
       1
       0
       2
       2
       0
       1
       1
       3
       0
       2
       2
       4
       3
       0
       1
       2
       2
       0
       3
       0
       2
       1
       0
       1
       4
       1
       3
       1
       2
       1
       1
       3
       1
       2
       3
       0
       2
       1
       0
       3
       1
       1
       2
       1
       4
       0
       1
       1
       1
       1
       3
       3
       0
       1
       1
       0
       1
       2
       2
       1
       1
       1
       3
       3
       2
       1
       2
       3
       1
       0
       0
       3
       3
       1
       0
       2
       0
       2
       1
       1
       0
       1
       0
       0
       0
       1
       1
       1
       2
       2
       3
       1
       1
       3
       2
       1
       3
       2
       0
       1
       0
       1
       2
       3
       5
       3
       0
       2
       3
       0
       3
       0
       1
       1
       3
       3
       0
       2
       2
       1
       0
       1
       1
       1
       3
       2
       1
       2
       1
       1
       3
       0
       1
       1
       0
       0
       2
       0
       1
       1
       0
       1
       2
       1
       2
       3
       2
       1
       1
       1
       3
       3
       2
       0
       1
       1
       2
       0
       1
       1
       1
       4
       2
       2
       1
       1
       4
       3
       1
       2
       0
       0
       1
       1
       1
       1
       5
       0
       0
       0
       1
       1
       2
       0
       0
       0
       2
       3
       1
       2
       1
       2
       1
       1
       0
       0
       2
       1
       2
       1
       3
       0
       1
       2
       2
       3
       2
       3
       2
       0
       1
       0
       2
       2
       4
       2
       0
       4
       2
       4
       0
       2
       0
       2
       1
       1
       1
       4
       1
       3
       0
       1
       1
       1
       4
       1
       0
       2
       2
       2
       2
       0
       1
       2
       3
       4
       0
       3
       3
       1
       1
       2
       3
       1
       2
       0
       1
       0
       2
       0
       1
       0
       1
       3
       2
       3
       1
       2
       1
       2
       1
       2
       2
       1
       1
       0
       2
       0
       0
       2
       1
       4
       1
       1
       2
       0
       1
       1
       2
       1
       0
       2
       3
       0
       0
       1
       1
       1
       0
       1
       0
       5
       0
       3
       0
       1
       3
       1
       2
       1
       0
       1
       0
       0
       0
       0
       2
       3
       1
       3
       1
       1
       3
       1
       2
       2
       1
       1
       2
       1
       2
       3
       0
       1
       1
       0
       1
       6
       0
       2
       1
       2
       3
       2
       3
       1
       1
       0
       1
       2
       2
       0
       0
       2
       0
       0
       0
       3
       1
       2
       2
       3
       3
       0
       0
       2
       0
       1
       3
       0
       2
       3
       2
       1
       0
       2
       2
       1
       1
       1
       3
       4
       4
       4
       3
       3
       2
       3
       2
      10
       7
       8
       8
      12
      11
      13
      10
      17
      21
      23
      31
      24
      36
      44
      45
      59
      74
      75
      74
     102
     128
     151
     168
     185
     226
     254
     279
     305
     330
     369
     369
     424
     408
     424
     468
     439
     458
     490
     485
     439
     503
     412
     417
     381
     366
     323
     290
     262
     231
     213
     166
     134
     135
      99
      75
      59
      59
      38
      29
      21
      22
      15
      11
       5
       5
       5
       5
       2
       1
       2
       0
       0
       0
       1
       0
       1
       3
       0
       0
       1
       0
       1
       0
       0
       0
       0
       0
       0
       0
       0
       0
       1
       0
       0
       0
       0
       0
       0
       0
       1
       0
       1
       0
       0
       0
       1
       0
       3
       1
       0
       0
       0
       1
       0
       0
       0
       0
       0
       0
       1
       0
       0
       0
       0
       0
       0
       3
       0
       1
       1
       5
       0
       0
       1
       1
       2
       0
       1
       0
       0
       0
       0
       1
       1
       2
       0
       1
       0
       0
       0
       0
       0
       1
       0
       0
       0
       1
       0
       1
       0
       1
       2
       1
       2
       0
       0
       1
       0
       0
       0
       0
       0
       0
       0
       1
       0
       1
       0
       0
       0
       1
       0
       1
       1
       0
       1
       0
       0
       0
       0
       0
       0
       0
       2
       2
       3
       0
       0
       0
       0
       0
       0
       1
       1
       1
       0
       0
       2
       0
       0
       0
       0
       1
       0
       1
       0
       2
       1
       0
       0
       1
       1
       0
       1
       0
       1
       0
       0
       0
       0
       0
       0
       0
       0
       2
       1
       0
       0
       0
       0
       0
       0
       0
       0
       1
       0
       0
       1
       0
       0
       0
       0
       1
       0
       0
       0
       1
       1
       1
       0
       0
       0
       0
       0
       0
       1
       0
       1
       0
       0
       0
       1
       0
       1
       0
       0
       1
       1
       1
       0
       0
       1
       0
       0
       1
       0
       0
       1
       0
       0
       0
       0
       0
       1
       1
       0
       1
       2
       0
       0
       1
       0
       0
       1
       1
       1
       1
       0
       0
       0
       1
       0
       1
       0
       1
       0
       0
       0
       0
       0
       0
       1
       0
       0
       0
       0
       0
       0
       0
       0
       0
       2
       0
       1
       0
       1
       0
       0
       3
       0
       0
       1
       0
       0
       0
       0
       0
       0
       0
       0
       0
       1
       1
       1
       0
       0
       1
       0
       0
       0
       1
       1
       0
       0
       0
       0
       0
       1
       2
       0
       0
       0
       0
       1
       0
       0
       1
       1
       0
       1
       0
       0
       1
       1
       1
       0
       0
       1
       1
       1
       2
       2
       0
       0
       3
       0
       0
       2
       1
       0
       0
       0
       0
       1
       0
       1
       0
       1
       0
       0
       1
       1
       1
       1
       0
       0
       1
       0
       0
       0
       0
       0
       0
       0
       2
       0
       1
       0
       0
       0
       0
       0
       0
       1
       0
       0
       0
       1
       0
       1
       0
       0
       2
       1
       0
       0
       0
       0
       1
       0
       1
       0
       0
       1
       0
       1
       0
       0
       1
       2
       0
       0
       1
       0
       1
       0
       0
       0
       0
       2
       0
       0
       1
       0
       2
       1
       0
       1
       0
       0
       0
       0
       1
       0
       0
       0
       1
       1
       1
       0
       1
       0
       1
       1
       0
       0
       1
       1
       0
       0
       0
       0
       0
       1
       0
       2
       0
       0
       0
       0
       1
       0
       0
       0
       1
       0
       0
       1
       0
       0
       0
       0
       0
       1
       0
       0
       0
       0
       1
       0
       0
       0
       0
       1
       1
       0
       1
       1
       1
       0
       0
       0
       0
       0
       0
       1
       1
       0
       0
       1
       1
       0
       0
       0
       0
       0
       0
       0
       1
       0
       0
       0
       0
       1
       0
       0
       0
       0
       1
       0
       0
       0
       0
       0
       0
       1
       1
       2
       1
       0
       0
       0
       0
       1
       0
       1
       0
       0
       1
       0
       0
       0
       0
       0
       1
       0
       0
       0
       0
       0
       1
       0
       0
       0
       2
       0
       2
       0
       0
       0
       1
       0
       0
       0
       1
       2
       0
       2
       1
       1
       0
       0
       2
       1
       0
       0
       0
       3
       1
       0
       0
       0
       0
       0
       1
       0
       0
       0
       0
       0
       0
       1
       0
       0
       0
       0
       0
       1
       0
       0
       0
       1
       0
       1
       1
       2
       0
       0
       1
       1
       0
       0
       0
       0
       0
       1
       2
       0
       1
       0
       1
       1
       0
       1
       0
       0
       2
       0
       1
       0
       0
       2
       0
       0
       1
       0
       0
       1
       1
       1
       0
       0
       0
       0
       0
       0
       1
       0
       0
       0
       1
       2
       0
       0
       1
       0
       0
       0
       0
       0
       1
       0
       0
       0
       0
       0
       0
       0
       1
       0
       0
       0
       0
       0
       3
       1
       1
       0
       0
       0
       0
       0
       0
       0
       0
       0
       0
       0
       0
       2
       0
       0
       0
       0
       1
       1
       0
       1
       0
       0
       1
       0
       0
       0
       0
       0
       0
       0
       0
       0
       1
       0
       1
       0
       2
       0
       0
       0
       0
       1
       1
       1
       1
       1
       0
       0
       0
       2
       1
       0
       0
       0
       1
       0
       0
       1
       0
       0
       0
       0
       0
       0
       0
       0
       0
       0
       0
       0
       0
       0
       1
       0
       1
       0
       3
       1
       0
       0
       0
       0
       0
       0
       0
       0
       0
       1
       0
       1
       0
       0
       0
       0
       3
       0
       0
       0
       1
       0
       1
       2
       0
       1
       0
       1
       2
       0
       1
       1
       1
       0
       1
       0
       1
       0
       1
       1
       1
       0
       0
       0
       0
       0
       0
       0
       0
       1
       2
       0
       0
       1
       0
       0
       0
       0
       1
       0
       0
       0
       0
       0
       0
       3
       1
       0
       2
       1
       0
       1
       1
       0
       1
       0
       1
       1
       0
       0
       0
       0
       1
       0
       2
       2
       1
       0
       1
       0
       0
       0
       1
       0
       0
       0
       1
       1
       0
       0
       0
       0
       0
       0
       1
       0
       1
       0
       0
       1
       0
       0
       0
       0
       0
       0
       0
       0
       0
       1
       0
       2
       0
       2
       1
       0
       0
       0
       0
       0
       0
       0
       1
       0
       0
       0
       0
       2
       0
       1
       0
       0
       0
       1
       0
       1
       0
       0
       1
       0
       0
       2
       0
       0
       1
       0
       0
       1
       0
       0
       0
       0
       0
       0
       1
       0
       0
       0
       0
       0
       0
       1
       1
       0
       1
       0
       0
       0
       1
       0
       2
       1
       0
       0
       0
       0
       0
       2
       0
       0
       0
       0
       2
       1
       0
       1
       0
       2
       0
       0
       1
       1
       1
       0
       0
       0
       0
       0
       1
       0
       0
       0
       0
       0
       0
       0
       1
       0
       1
       0
       0
       0
       0
       0
       1
       2
       0
       1
       0
       0
       0
       0
       0
       1
       2
       0
       0
       1
       0
       0
       0
       1
       0
       2
       1
       0
       0
       1
       0
       0
       0
       0
       0
       0
       1
       0
       1
       0
       0
       0
       1
       0
       0
       0
       0
       1
       1
       0
       0
       0
       1
       2
       0
       0
       1
       0
       1
       0
       0
       2
       1
       0
       1
       0
       0
       0
       0
       0
       2
       1
       0
       1
       1
       0
       0
       1
       1
       1
       0
       0
       0
       1
       0
       0
       0
       1
       0
       0
       0
       0
       0
       0
       0
       0
       1
       0
       0
       0
       0
       1
       1
       0
       0
       1
       0
       0
       0
       0
       0
       0
       0
       1
       0
       1
       1
       0
       0
       0
       1
       0
       0
       0
       0
       0
       0
       0
       0
       1
       0
       1
       1
       0
       0
       0
       1
       1
       1
       1
       0
       0
       0
       0
       0
       0
       1
       0
       1
       0
       0
       0
       0
       0
       0
       1
       1
       0
       0
       0
       1
       1
       0
       0
       0
       2
       0
       1
       0
       0
       0
       0
       0
       0
       0
       0
       0
       0
       0
       0
       2
       0
       1
       1
       0
       0
       0
       0
       1
       0
       1
       0
       0
       1
       0
       1
       0
       0
       2
       1
       1
       0
       0
       0
       0
       0
       0
       0
       0
       0
       1
       0
       0
       0
       0
       0
       1
       1
       0
       0
       0
       0
       1
       0
       0
       1
       1
       0
       0
       2
       1
       0
       0
       1
       0
       0
       1
       0
       0
       0
       0
       1
       0
       0
       0
       0
       1
       0
       0
       0
       0
       0
       0
       0
       2
       0
       0
       0
       0
       0
       0
       0
       0
       3
       0
       1
       0
       0
       0
       0
       1
       0
       1
       1
       0
       0
       0
       0
       0
       0
       0
       0
       0
       1
       0
       0
       2
       2
       1
       0
       1
       0
       1
       0
       2
       1
       1
       1
       2
       2
       0
       1
       0
       1
       0
       1
       1
       1
       0
       1
       0
       0
       0
       1
       1
       1
       0
       0
       0
       0
       0
       0
       0
       1
       0
       1
       0
       0
       1
       0
       1
       0
       1
       0
       0
       0
       0
       0
       0
       0
       0
       0
       0
       0
       1
       0
       0
       0
       2
       0
       1
       1
       1
       0
       0
       0
       0
       0
       1
       0
       1
       2
       0
       0
       0
       0
       0
       1
       0
       0
       0
       0
       0
       1
       0
       2
       0
       1
       0
       0
       1
       0
       0
       0
       1
       0
       0
       1
       0
       0
       1
       0
       0
       1
       0
       0
       0
       1
       0
       0
       1
       0
       0
       1
       0
       0
       1
       1
       1
       0
       0
       1
       0
       0
       0
       0
       0
       0
       0
       0
       1
       0
       0
       0
       1
       0
       0
       0
       0
       0
       1
       0
       1
       3
       0
       0
       0
       0
       0
       0
       1
       0
       0
       0
       1
       1
       0
       0
       0
       0
       0
       1
       0
       0
       0
       0
       0
       0
       0
       0
       0
       0
       0
       1
       0
       0
       0
       0
       0
       0
       1
       0
       0
       0
       2
       0
       0
       0
       0
       0
       0
       0
       0
       0
       2
       0
       0
       0
       0
       0
       0
       0
       1
       0
       0
       1
       2
       0
       0
       0
       2
       0
       0
       0
       0
       1
       0
       0
       0
       0
       1
       3
       0
       0
       0
       0
       0
       1
       1
       0
       0
       1
       0
       0
       0
       0
       0
       0
       2
       0
       0
       0
       0
       0
       0
       0
       0
       0
       0
       0
       0
       2
       0
       0
       0
       1
       0
       0
       0
       0
       0
       0
       0
       0
       2
       0
       1
       1
       1
       0
       1
       0
       0
       0
       0
       0
       0
       0
       0
       0
       2
       0
       1
       1
       0
       3
       0
       0
       0
       0
       2
       1
       0
       0
       0
       0
       2
       1
       0
       0
       1
       0
       1
       0
       0
       0
       1
       0
       0
       1
       0
       0
       0
       3
       6
       6
       8
      12
       2
      11
       6
       8
       7
       7
       6
       8
      11
       7
       7
       6
       9
      11
       4
       7
       5
       5
      10
      10
       7
       6
       6
      12
       9
       4
       4
       4
       6
       3
       3
       7
       5
       3
       4
       6
       4
       6
       9
       9
       7
       8
       7
       5
       5
       8
       7
       7
       7
       7
       6
       7
      11
      10
       6
       5
       2
       7
       6
       6
       4
       7
       8
       9
       3
      12
       5
       6
       7
       6
       5
       3
       5
       3
       6
       5
       4
       8
       7
       9
       6
       6
       7
      11
       3
       6
       6
       6
       9
       3
       4
       6
       5
       7
       4
       7
       9
       9
       7
      10
      13
       9
       2
       7
       7
       6
       5
       7
       3
       7
       5
       6
       5
       4
       2
      10
       3
       8
       2
       6
       5
       7
       3
       3
       3
       2
       8
       5
       6
       6
       8
       6
       9
       8
       7
       7
       8
       8
       7
       5
       3
      11
       5
       7
       1
       5
       8
       8
       5
       6
       5
       6
       5
       7
       9
       4
       8
      12
       7
       6
       5
       8
       6
       8
       9
       4
       4
       6
       4
       5
       6
       9
      11
       5
       9
       7
       5
       7
       8
       2
$ROI:
0
$PRESETS:
None
0
0
$ENER_FIT:
0.000000 0.000000
$MCA_CAL:
3
0.000000E+000 0.000000E+000 0.000000E+000 
$SHAPE_CAL:
3
0.000000E+000 0.000000E+000 0.000000E+000
