$SPEC_ID:
No sample description was entered.
$SPEC_REM:
DET# 1
DETDESC# PHYSPRAK2 926
AP# Maestro Version 7.01
$DATE_MEA:
10/21/2024 10:00:26
$MEAS_TIM:
3634 3718
$DATA:
0 8191
       0
       0
       1
       0
       0
       0
       1
       0
       0
       0
       2
       0
       0
       0
       0
       0
       0
       0
       0
       0
       0
       0
       0
       0
       0
       0
       1
       0
       0
       0
       0
       0
       0
       0
       0
       0
       0
       1
       0
       0
       1
       0
       0
       0
       0
       0
       0
       1
       3
       7
      14
      41
      68
     108
     170
     227
     294
     359
     418
     413
     493
     480
     478
     530
     562
     536
     546
     530
     545
     528
     551
     548
     557
     532
     571
     583
     570
     604
     600
     584
     625
     566
     573
     528
     560
     498
     562
     558
     515
     551
     547
     533
     502
     520
     532
     487
     494
     499
     458
     507
     497
     462
     430
     434
     445
     407
     380
     418
     390
     365
     369
     388
     343
     370
     345
     275
     343
     296
     310
     262
     278
     236
     274
     247
     238
     195
     233
     190
     202
     171
     213
     166
     171
     149
     157
     167
     144
     156
     130
     153
     138
     152
     125
     136
     123
     101
      90
      92
      97
      98
      90
      66
      84
     100
      79
      78
      71
      83
      76
      73
      50
      63
      68
      66
      61
      69
      61
      70
      62
      66
      52
      67
      58
      61
      43
      49
      50
      46
      56
      39
      51
      50
      48
      45
      43
      45
      43
      53
      46
      58
      39
      33
      33
      36
      46
      37
      41
      43
      38
      45
      43
      43
      38
      42
      36
      44
      44
      39
      35
      27
      40
      41
      33
      42
      25
      34
      34
      41
      36
      37
      34
      31
      41
      35
      45
      28
      32
      30
      32
      22
      38
      27
      29
      34
      36
      35
      27
      23
      24
      35
      34
      34
      31
      24
      29
      29
      28
      29
      24
      17
      48
      38
      27
      25
      32
      25
      35
      24
      30
      28
      23
      31
      29
      27
      30
      28
      27
      23
      28
      26
      29
      35
      27
      24
      28
      29
      29
      33
      26
      32
      33
      23
      28
      28
      24
      30
      23
      24
      19
      23
      34
      27
      17
      31
      28
      23
      27
      19
      23
      36
      25
      26
      33
      32
      29
      31
      30
      23
      26
      26
      27
      25
      18
      27
      24
      18
      33
      17
      26
      27
      30
      21
      25
      34
      19
      24
      30
      25
      28
      30
      26
      20
      20
      30
      31
      23
      16
      26
      18
      28
      36
      23
      24
      19
      21
      23
      14
      22
      21
      26
      27
      21
      16
      28
      19
      24
      30
      29
      19
      19
      28
      28
      26
      19
      25
      31
      17
      25
      19
      18
      15
      26
      19
      20
      16
      31
      24
      24
      16
      27
      22
      28
      22
      31
      30
      33
      27
      42
      29
      35
      31
      37
      43
      39
      48
      40
      44
      46
      36
      33
      38
      30
      25
      27
      27
      28
      25
      25
      12
      24
      26
      20
      16
      26
      21
      16
      20
      14
      25
      25
      24
      19
      20
      13
      21
      26
      19
      24
      19
      20
      17
      22
      32
      27
      19
      20
      21
      16
      28
      19
      21
      31
      36
      31
      28
      37
      36
      39
      40
      34
      31
      20
      34
      27
      33
      34
      35
      22
      30
      27
      25
      21
      17
      20
       8
      28
      22
      21
      23
      13
      15
      14
      13
      13
      21
      13
      21
      23
      24
      15
      14
      15
      19
      12
      17
      10
      20
      18
      22
      19
      19
      15
      12
      18
      13
      18
      12
      16
      15
      14
       8
      15
      21
      15
      19
      13
      20
      12
      15
      15
       9
      14
      17
      14
      15
      18
      17
      13
      14
      20
      19
      25
      13
      15
      16
      18
      14
      18
       5
      17
      10
      10
      21
      15
      22
      17
      11
      12
      10
      11
      11
      12
       9
      15
      11
      16
      17
      14
      15
      13
      19
      12
      12
      15
      11
      13
      12
      10
      14
      13
      10
      16
      13
      13
      10
      16
      19
      16
      15
      30
      13
      19
      17
      14
      11
      12
      11
       7
       9
      16
       9
      16
       9
      18
      10
      18
      11
      19
       8
      19
      13
      14
      11
      14
      11
      11
       9
      11
      11
      10
      13
      11
      15
      11
      13
       9
      14
      13
      15
      18
      20
      10
      18
      12
       5
       7
       9
      11
       7
      16
      11
      11
      16
      15
       9
       8
      12
      15
       9
       7
      20
      11
      10
       8
      17
       8
      14
      13
       8
      16
      13
      14
      11
      16
      19
      14
       8
      12
       8
      12
      10
      18
      16
      13
      16
       9
      12
      13
      13
       9
      10
      17
      14
      15
       8
      17
      10
      21
      12
      23
      16
      10
      14
      19
       9
      14
      10
      13
      14
      12
      17
      18
      12
      18
       9
      13
      17
       9
      14
      13
      14
       8
      10
      17
      17
      12
      17
      13
      17
      12
      14
      18
       8
      10
      14
      12
      14
      15
      10
      16
      16
      11
      18
      16
      18
      19
      10
      12
      11
      25
      14
      13
      13
      19
      20
      18
      13
      19
      10
      11
      17
      18
      10
      21
      19
      23
      19
      22
      16
      19
      18
      19
      17
      13
      15
      11
      17
      14
      20
      18
      14
      17
      14
      15
      19
      14
      11
      16
      16
      19
       9
      11
      17
      12
      15
      10
      15
      14
      15
      10
      12
      16
      19
      12
      15
      14
      12
      17
      21
      13
      17
      16
      16
      19
      21
      15
      11
      11
      18
      13
      18
      10
      18
      14
      19
      14
      15
      24
      22
      18
      16
      21
      10
      17
      23
      12
      19
      25
      19
      18
      21
      26
      19
      23
      18
      18
      17
      28
      28
      20
      35
      21
      14
      14
      28
      22
      23
      28
      29
      25
      16
      32
      24
      20
      21
      27
      29
      14
      27
      14
      22
      22
      19
      21
      19
      22
      19
      14
      21
      19
      26
      17
      15
      21
      25
      17
      14
      11
      18
      15
      19
      22
      15
      26
      19
      14
      20
      11
      21
      16
      21
      15
      19
      17
      25
      18
      17
      16
      23
      24
      15
      18
      18
      13
      15
      14
      17
      18
      17
      16
      10
      15
      13
      15
      11
      23
      19
      18
      19
      13
      21
      16
      13
      28
      15
      22
      13
      15
      18
      14
      17
      17
      19
      14
      17
      21
      20
      17
      13
      15
      21
      15
      14
      10
      18
       9
      20
      13
      13
      13
      18
      17
      17
      27
      23
      16
      10
      18
      15
      17
      12
      16
      15
      14
      16
      17
      16
      16
      24
      14
      12
      21
      20
      11
      11
      21
      14
       9
      19
      16
      18
      12
      19
      13
      11
      20
      25
      24
      10
      22
      16
      16
      18
      18
      15
      25
      14
      16
      13
      20
      16
      19
      14
      16
      17
      15
      22
      21
      24
      18
      17
      21
      18
      22
      16
      15
      16
      19
      17
      23
      18
      13
      24
      29
      12
      20
      19
      13
      13
      15
      16
      10
      15
      18
      14
      22
      17
      15
      16
      16
      16
      15
      17
      21
      18
      22
      20
      22
      17
      17
      12
      12
      23
      17
      18
      15
      15
      15
      14
      19
      19
      29
      24
      17
      11
      22
      21
      15
      18
      20
      17
      16
      15
      26
      17
      16
      21
      23
      15
      18
      14
      13
      26
      16
      21
      29
      18
      15
      15
      23
      21
      28
      27
      18
      10
      14
      17
      27
      18
      18
      18
      29
      15
      22
       9
      22
      14
      15
      15
      14
      17
      21
      13
      20
      16
      21
      21
      15
      17
      25
      21
      26
      19
      21
      26
      13
      16
      12
      20
      21
      19
      11
      24
      22
      19
      21
      18
      15
      16
      33
      20
      31
      21
      16
      29
      25
      17
      21
      22
      22
      24
      14
      34
      23
      25
      23
      11
      19
      27
      23
      23
      22
      22
      16
      12
      25
      23
      25
      20
      25
      25
      10
      18
      14
      21
      22
      25
      26
      12
      25
      21
      22
      21
      20
      18
      24
      33
      25
      30
      29
      39
      51
      66
      94
      87
     119
     157
     182
     242
     310
     322
     409
     471
     489
     543
     525
     572
     618
     554
     594
     577
     527
     463
     373
     364
     292
     247
     215
     176
     141
     122
      98
      60
      55
      43
      33
      36
      22
      18
      13
      13
      25
      16
      22
      16
      10
      14
      17
      16
      17
      20
      10
      14
      21
      16
      12
      15
      13
      12
      20
      15
      16
      21
      21
      17
      23
      12
      14
      16
      12
      21
       8
       7
      14
      16
      14
      13
      16
      16
      23
      14
       7
      14
      11
      10
      10
      17
      13
      19
      24
      12
      11
      11
      15
      12
       6
      15
      22
       8
      12
      19
       6
      17
      13
      11
      17
       7
       8
      19
      17
      19
      11
      14
       9
      13
      16
      12
      11
      10
       5
      16
      10
      13
      18
       5
      18
      13
       6
      12
      17
       8
      12
      10
      18
      21
      14
      15
      10
       8
      14
      12
      19
      16
      16
       9
      14
      20
       8
      13
      11
      12
      12
      14
      15
      14
      11
      14
      16
      18
      16
      14
      13
      17
       9
      15
      10
      18
      19
      16
       9
      22
      10
      13
      14
      16
       8
      14
       8
      12
      14
      14
      13
      12
      13
      17
      14
      13
      14
      14
       8
      12
       5
      13
      13
      11
      11
      12
      13
      13
      11
      11
      12
      11
      13
      14
      15
      15
      16
      11
      18
      16
      15
      10
       9
       8
      17
      17
      16
       9
      19
      12
      14
      11
      12
      11
      16
      16
      10
      12
      13
       8
      15
      13
      12
      12
      22
      19
      21
      15
      12
       9
      13
      15
      19
      10
      17
      13
       6
      13
      17
      12
      10
      16
      13
      11
      11
      20
      11
      18
      14
      14
      20
      21
      10
      14
      15
      12
      13
      12
      15
      13
      19
      14
      18
      16
      18
      14
      22
      20
      19
      18
      12
      23
      22
      17
      12
      18
      24
      18
      14
      14
      16
      13
      18
      19
      21
      19
      16
      17
      17
      17
      17
      18
      14
      16
      15
      19
      13
      22
      18
      17
      22
      15
      14
      16
      14
      12
      19
      11
      22
      11
      17
      12
      14
      18
      14
      20
      16
      11
      17
      12
      17
      17
      11
      13
      17
       9
      10
      20
      19
      19
      13
      13
      12
      20
      20
      11
      23
      17
      19
      14
      13
      11
      13
      16
      13
      10
      15
      18
      14
      19
      13
       7
      14
      18
      15
      12
      19
      16
      12
       9
      11
      17
      10
      15
      14
      19
       7
      20
      10
       6
       8
      14
      10
      16
      11
      12
      11
      18
      15
      10
      12
      14
      12
       9
      12
      11
      16
      11
      19
      15
      10
      16
      15
       9
       9
      19
      15
      20
      11
      20
      14
      19
      16
      11
      19
      11
      12
       8
      12
      11
      11
      11
      17
      17
      20
      13
      18
      18
       5
      13
      13
      10
      11
      12
      10
      15
      18
      13
      16
      14
      20
      16
      13
      15
      10
       7
      14
      14
      15
      14
      17
       9
      16
      21
       5
      16
      12
      16
      14
      13
      11
       7
       6
      20
      17
      12
      18
      12
      10
       7
      17
      15
      11
      13
      13
      13
      17
      16
       4
      15
      15
      11
      12
      16
      19
      18
       6
       9
      14
       9
      16
      22
       8
      14
       8
      18
      21
      10
      14
      15
      17
      13
      14
      12
      16
      17
       9
      15
      22
      15
      17
      16
       8
       6
      13
      16
      20
      12
      18
      12
      16
      11
      12
      15
      17
      15
      16
      10
       7
      10
      18
      10
      13
      17
      13
      15
      13
      15
      14
      17
      18
       6
      14
      12
      13
      11
      12
      11
      13
      11
       9
      16
      13
      20
      15
      15
      14
      16
      22
      12
      11
      17
       8
      12
      15
       9
       9
      10
      15
      15
      13
      17
      12
      13
       7
       9
      14
       6
       9
      15
      10
      10
      20
      12
      11
      14
      14
      14
       9
       9
      14
       6
      17
      14
      17
      16
      18
      15
      13
       8
      13
      10
      12
      11
      13
       9
      11
      12
      13
      13
      10
       9
      15
      11
      15
      16
       9
       9
      14
      21
      11
      11
       8
      12
      20
      14
      19
      14
       8
      11
      16
       9
      19
      13
      16
       6
      17
       5
      13
      11
      11
       9
       9
      12
       7
      12
      14
       8
       8
      11
      14
      18
      16
      13
      10
      19
      12
      14
      13
      14
       3
      17
      12
      17
      13
      13
       5
      12
      20
      14
      10
      25
      14
      13
       8
      15
       8
      14
      15
      16
      10
       8
      13
      13
       4
      14
      19
       8
      16
       8
      13
      10
       9
       5
      11
      12
      12
      10
      14
      21
      11
      10
      16
      18
      18
      15
       8
      19
      20
       9
       9
       8
       6
      18
      10
      12
      12
      11
      10
      13
      13
      10
      12
      12
      15
      13
      14
      11
      11
      18
      14
       9
      11
       6
      14
      14
      21
      13
      12
      16
      10
      13
      11
       8
      18
      18
      11
      14
       4
       8
      17
      12
      13
      15
       3
      12
      13
      14
      15
      10
       6
      17
       8
      14
      12
      19
      13
      10
      16
      18
       8
      11
       6
       9
      13
       7
       9
      11
      14
      16
      11
      18
      10
      12
      11
      15
      15
       8
      15
       6
       5
       5
      16
      15
       9
      13
       8
      10
       9
       8
      10
      13
      12
      15
       9
       9
       7
      11
       6
      17
       7
      16
      10
       9
      17
      15
      10
      12
       8
       7
      16
       6
      10
      13
      13
      16
       4
      12
      13
       4
       9
      11
      14
       9
      15
      12
      11
       8
      12
      10
      10
       8
       9
       7
      11
      19
      10
      16
      13
       6
       9
      11
       8
      11
      12
      15
       6
       9
      13
       7
       4
      14
      12
      16
      13
       7
       9
       3
      20
      14
       8
      14
      14
       8
       8
      13
      10
       6
       7
       8
      13
      17
      13
      12
      11
      11
      12
      19
       7
       6
      10
      16
      10
       8
       9
      14
      13
      16
      10
      12
      11
      14
       8
      11
      12
       9
      13
      11
       6
       3
      13
       7
      13
       8
      19
      12
      16
      15
       9
       9
      11
       4
       7
       8
       8
       8
      20
       6
      10
      10
      13
      14
       8
      10
       8
      11
      14
      18
       9
      11
      11
      12
       6
      11
      10
      15
       7
      14
      10
       8
      11
      11
      11
      13
       8
       9
      17
      12
      10
       8
       9
      10
      12
      17
      10
       6
       5
      13
      12
      10
      14
      12
       7
      15
      10
       7
      11
      12
      12
      12
       8
      11
       7
      10
       7
      10
      12
      11
      11
       6
       6
      11
      12
      11
       9
      12
       4
      12
       9
      11
      21
      14
      13
      10
      18
      13
      12
      11
       7
      11
       8
      13
      12
       8
      10
      15
       3
      14
       8
      11
      14
       8
      10
       7
       6
       5
      13
       9
       9
      14
      11
      12
      16
      10
       8
       7
       9
      12
       8
      11
       5
      10
       9
       8
       8
       7
      13
       6
       8
       7
       8
      11
       4
       7
       8
      11
      15
      10
      17
      12
       8
      12
      10
      11
      15
       8
       2
      11
       9
      11
       6
       8
      16
       9
      12
       5
       7
      13
       3
       5
       2
       8
       6
       9
      15
       9
       9
       6
       9
      12
      10
       7
       5
      12
       7
      11
       3
       6
       8
       9
      11
      10
       8
       8
      12
       8
       7
      13
       9
       9
      14
      10
       8
       9
      11
       7
       5
       4
       8
       8
       5
      14
       6
       9
       5
       6
       6
       8
      12
      10
       6
       8
       8
       9
      13
      17
       8
      10
       7
       6
      11
       9
      12
       7
       6
       9
      11
       6
       8
      10
       7
       6
      15
       5
      10
      10
       5
       8
       8
       5
       8
      10
       5
       5
       8
      11
       6
       6
       7
       7
      12
       5
       7
      10
      12
      15
       6
       9
       8
      12
       8
       8
      10
      10
       7
       7
      12
      13
      18
      16
      10
      20
      15
      14
      21
      36
      34
      37
      44
      61
      59
      65
      84
      80
      99
      87
     109
      97
      75
     112
      83
      82
      76
      72
      76
      58
      38
      43
      37
      27
      29
      15
      17
      12
      11
      10
       6
       8
       8
       8
      13
       5
       2
       8
       7
       5
      10
       3
       5
       3
       2
       5
      12
      12
       8
       2
       5
      10
       5
      10
       8
       7
       6
       2
       5
       8
       8
      10
       8
       5
       8
       9
       6
       6
       6
       6
       9
       5
      11
      10
       3
      10
      12
      11
      13
       9
       9
      11
       8
       4
       7
       8
       6
       5
      13
       9
       5
       3
       7
       5
       9
       7
       5
       9
       7
       6
       7
      14
       8
       7
       5
       8
       7
       7
       7
       5
       6
       5
       9
       9
       8
       5
       8
       4
       6
       5
       7
      10
       4
       8
       7
       8
       6
       9
       7
       6
       7
       6
      13
       2
       8
       6
       4
      12
       6
       5
       5
       7
       6
       8
       5
       6
       7
       5
       4
       2
       5
       8
       4
       8
       7
       2
       2
       4
       8
       5
       8
       3
       5
       8
       7
       9
       7
       4
       9
       6
       7
      10
       2
       2
       5
       8
       7
       5
       7
      11
       4
       2
       2
       7
       8
       6
       4
       4
       8
       6
       9
       5
       7
       2
       5
       3
       6
       3
       9
       3
       6
       3
       6
       7
       9
       7
       9
       8
       3
       6
       6
       7
       7
       5
       6
       4
       3
       9
       4
       8
       3
       5
       5
       4
       6
       2
       6
       5
       4
       6
       2
       5
       5
       7
       6
       7
       3
       5
       7
       7
       6
       9
       7
       5
       2
       7
       4
       7
       3
       5
      10
       7
       4
       7
       9
       2
       6
       3
       7
       7
       5
       8
       7
       5
       9
       9
       7
       5
       5
       7
       9
       9
       7
       7
       8
       7
       7
       3
       2
       3
       5
       6
      11
       8
       6
       4
       9
       3
       8
       5
       9
       5
       6
       9
      10
       4
       4
       5
       5
       7
       5
       9
      11
       9
       6
       6
       6
       4
       8
       7
      10
       8
       4
      13
       3
       6
      10
      12
       7
       6
       6
       9
       9
       7
       8
       3
       6
       3
       4
       5
       6
       8
       8
       8
       1
       6
       9
       5
       5
       6
       5
       4
       7
       4
       5
       5
      10
       7
      12
       4
       6
       3
       2
       3
       4
       4
       4
       6
       5
       4
       3
       7
       4
       5
       4
       3
       5
       6
       2
       6
       7
       9
       4
      12
       3
       7
       4
       6
       8
       3
       5
       7
       3
       8
       7
       4
       3
       7
       8
      10
      10
       6
       8
       4
       6
       2
       5
       6
       8
       8
       4
       8
       5
       5
       4
       4
       4
       3
       4
       5
       4
       6
       2
       7
       5
       6
       4
       4
       3
       8
       5
       5
       6
       6
       6
       5
       7
       5
       6
       4
       5
       5
       6
       3
       7
       4
       8
       8
       2
       5
       5
       7
       2
       8
       6
       3
       4
       5
       7
       7
       6
       3
       7
       8
       5
       4
       5
       5
       8
       4
       8
       6
       7
       5
       5
       6
       8
       5
       7
       6
       8
       5
       8
       5
       4
       4
       4
       5
       5
       4
       5
      13
       1
       5
       5
       4
       5
       5
      10
       3
       9
       3
       6
       8
      10
       6
       5
       4
       7
       9
      12
       8
      15
      13
       6
       5
       8
      10
       2
       7
       7
      14
       4
      10
       8
      15
      11
       5
       7
       5
       6
       7
       5
       7
       6
       8
       8
       4
       3
       2
      11
       8
       5
       7
       9
      10
       5
       4
       4
       5
       7
       5
       5
       6
       3
       6
       5
       4
       3
       5
       4
       5
       6
       6
       4
       1
       5
       5
      11
       7
       5
       0
       4
       6
       7
       4
       4
       6
       7
       4
       2
       6
       1
       4
       8
       4
       5
       5
       5
       4
       3
       2
      11
       2
       4
      11
       6
       6
       6
       5
       3
       0
       3
       4
       2
       4
       4
       5
       9
       5
       3
       4
       3
       3
       6
       3
       2
       8
       5
       8
       5
       6
       4
       3
       3
       3
       4
       6
       1
       4
       3
       6
       5
       5
       1
       1
       3
       7
       3
       3
       5
       3
       4
       8
       7
       5
       7
       8
       3
       4
       4
       4
       4
       3
       9
       4
       5
       4
       4
       3
       4
       7
       7
       8
       5
       6
       5
       7
       7
       3
       2
       7
      10
       4
       2
       5
       6
      10
       3
       6
      10
       7
       6
       5
       4
       4
       1
       7
       2
       7
       4
       4
       1
       2
       6
       4
       7
       9
       7
       7
       6
       7
       5
       9
       3
       7
      15
       4
       2
       4
       3
       7
       2
      13
       9
       7
       4
       6
       4
       6
       1
       3
       6
       9
       3
       6
       6
       1
       9
       1
       3
       4
       3
       8
       3
       4
       3
       5
       4
      10
       5
      10
       6
       7
       3
       3
       4
       4
       7
       3
       3
       4
       5
       4
       6
       2
       6
       4
       4
       4
       3
       7
       3
       2
       7
       4
       4
       9
       6
       3
       6
       6
       3
       7
       5
       3
       5
       2
       5
       4
       1
       5
       6
       3
       4
       7
       6
       3
       4
       5
       7
       4
       5
       8
       4
       5
       7
       6
       3
       4
       4
       3
       4
       8
       5
      12
       6
       6
       5
       8
       7
       5
      10
       6
       6
       9
       5
       4
       7
       2
      10
       5
       3
       5
       2
       4
       1
       8
       6
       7
       4
       5
       4
       2
       6
       8
       1
      11
       5
       9
       5
       4
       6
       5
       5
       7
       4
       7
       8
       3
       4
      12
       4
       7
       8
       5
       4
       4
       2
       2
       2
       7
       1
       3
       7
       1
       5
       4
       5
       4
      10
       3
       6
       2
       1
       3
       3
       4
       5
       7
       6
       4
       5
       5
       8
       4
       8
       1
       6
       5
      14
       3
       4
       3
       1
       5
       7
       8
       3
       6
       6
       6
       5
       5
       2
       0
       4
      10
       4
       3
       9
       2
       5
       2
       2
       6
       2
       5
       5
       4
       4
       3
       2
       3
       7
       2
       6
       1
       6
       4
       7
       8
       2
       4
       6
       3
       7
       8
       3
       4
       8
       5
       3
       6
       4
       6
       5
       5
       3
       3
       5
       4
       6
       2
       7
       3
       1
       6
       8
       6
       3
       6
       8
      13
      17
      10
      19
      12
      24
      24
      23
      33
      50
      65
      83
      73
      99
     116
     118
     151
     169
     174
     164
     224
     194
     198
     219
     186
     211
     167
     171
     141
     138
     130
     127
     107
      78
      74
      62
      39
      47
      33
      22
      20
      22
       8
       8
      12
       8
       8
       6
       4
       3
       2
       5
       4
       5
       4
       9
       6
       7
       6
       3
       4
       5
       3
       5
       3
       6
       3
       4
       6
       2
       3
       3
       2
       4
       3
       5
       2
       2
       5
       2
       4
       4
       4
       4
       4
       4
       2
       3
       5
       3
       6
      11
       2
       5
       7
       3
       3
       4
       5
       1
       9
       4
       2
       2
       8
       1
       3
       3
       3
       2
       5
       1
       4
       5
       6
       1
       4
       4
       1
       2
       0
       3
       5
       7
       4
       3
       4
       5
       4
       4
       5
       1
       4
       2
       6
       3
       2
       7
       2
       4
       1
       6
       7
       0
       3
       3
       5
       3
       8
       2
       7
       3
       1
       4
       3
       0
       2
       3
       5
       6
       2
       5
       3
       3
       3
       4
       3
       4
       4
       6
       1
       7
       6
       3
       1
       3
       4
       2
       2
       2
       2
       2
       3
       3
       3
       6
       1
       9
       7
       5
       6
       5
       6
       6
       4
       2
       7
       4
       4
       6
       2
       1
       6
       5
       3
       6
       2
       7
       2
       2
       4
       3
       5
       6
       3
       0
       6
       3
       4
       4
       2
       6
       7
       2
       7
       9
       0
       6
       5
       5
       4
       6
       8
       3
       4
       5
       6
       4
       6
       8
       5
       4
       5
       9
       5
      14
       7
      13
      12
      10
       9
       8
       7
       5
       4
      14
       9
       7
       6
       7
       8
       3
       2
       4
       2
       2
       4
       9
       1
       3
       3
       5
       2
       2
       7
       8
       4
       1
       4
       5
       2
       5
       5
       2
       1
       4
       3
       6
       7
       4
       2
       5
       2
       6
       5
       3
       5
       2
       3
       3
       2
       4
       3
       3
       3
       4
       0
       5
       3
       1
       3
       6
       4
       3
       3
       5
       7
       4
       4
       4
       3
       9
       6
       5
       6
       3
       4
       5
       4
       1
       4
       3
       5
       3
       2
       6
       4
       4
       3
       4
       5
       4
       2
       3
       6
       3
       2
       3
       1
       5
       3
       5
       5
       3
       6
       2
       7
       3
       4
       1
       7
       1
       6
       6
       3
       7
       3
       3
       5
       1
       2
       5
       1
       5
       4
       4
       2
       6
       3
       5
       4
       4
       5
       4
       3
       3
       6
       5
       1
       4
       1
       8
       3
       2
       3
       1
       3
       4
       2
       1
       4
       5
       2
       7
       3
       4
       8
       7
       5
       5
       5
       5
       2
       4
       1
       6
       3
       2
       5
       5
       5
       2
       2
       3
       4
       3
       8
      10
       2
       6
       4
       5
       4
       0
       7
       3
       1
       4
       7
       4
       5
       5
      10
       4
       7
       6
       3
       3
       9
       3
       3
       7
       6
       4
       5
       5
       3
       4
       3
       2
       4
       2
       5
       3
       3
       3
       3
       2
       6
       5
       4
       5
       7
       1
       3
       3
       2
       3
       3
       2
       4
       2
       0
       4
       4
       5
       5
       6
       2
       6
       4
       5
       8
       3
       2
       2
       5
       6
       6
       3
       3
       6
       1
       1
       9
       3
       4
       4
       1
       1
       2
       2
       5
       5
       2
       3
       3
       4
       0
       5
       4
       0
       3
       0
       4
       3
       6
       4
       1
       5
       2
       2
       1
       4
       2
       4
       4
       1
       6
       3
       0
       1
       5
       1
       2
       1
       2
       1
       3
       3
       6
       3
       5
       3
       2
       4
       3
       3
       6
       9
       2
       4
       6
       3
       4
       3
       2
       6
       4
       4
       8
       5
       4
       2
       4
       4
       4
       0
       3
       2
       3
       6
       5
       3
       4
       3
       5
       3
       7
       3
       5
       6
       6
       2
       5
       5
       3
       4
       1
       5
       1
       5
       3
       2
       1
       5
       2
       5
       7
       3
       6
       5
       3
       6
       6
       2
       0
       0
       5
       7
       1
       3
       1
       2
       5
       1
       5
       4
       3
       5
       2
       7
       2
       3
       7
       5
       3
       7
       4
       3
       4
       3
       3
       1
       3
       5
       5
       4
       2
       8
       5
       4
       6
       6
       2
       7
       3
       1
       5
      14
      13
       8
       6
      13
      14
      16
      15
       5
      13
      15
      15
      12
      14
      13
      13
      14
      16
      11
       9
       8
      11
      14
      10
       4
       5
       8
       6
       5
       5
       2
       5
       1
       6
       5
       4
       7
       4
       3
       4
       4
       4
       2
       1
       5
       6
       4
       4
       2
       2
       5
       3
       4
       8
       3
       8
       2
       4
       2
       4
       4
       4
       6
       2
       2
       3
       5
       5
       3
       4
       5
       2
       3
       4
       2
       5
       5
       5
       2
       3
       3
       8
       3
       3
       2
       4
       2
       2
       1
       3
       2
       3
       6
       2
       4
       1
       3
       2
       3
       7
       2
       4
       6
       2
       1
       4
       5
       3
       5
       3
       4
       4
       3
       3
       1
       3
       2
       1
       3
       4
       7
       3
       0
       4
       3
       4
       1
       2
       1
       4
       2
       3
       4
       1
       2
       2
       4
       3
       3
       3
       3
       2
       5
       5
       3
       3
       1
       2
       4
       5
       2
       5
       4
       4
       4
       4
       4
       7
       7
       4
       4
       2
       4
       2
       1
       2
       3
       4
       4
       5
       2
       2
       2
       8
       3
       4
       5
       3
       7
       2
       5
       0
       2
       1
       3
       2
       3
       4
       2
       1
       4
       3
       7
       3
       4
       6
       4
       3
       7
       6
       3
       1
       4
       4
       6
       2
       4
       1
       2
       0
       5
       7
       2
       7
       1
       2
       4
       3
       4
       5
       2
       4
       1
       1
       0
       5
       3
       4
       3
       1
       6
       3
       4
       5
       2
       2
       2
       3
       2
       1
       3
       6
       6
       3
       2
       2
       4
       4
       0
       5
       2
       5
       4
       6
       6
       2
       5
       7
       3
       7
       4
       4
       6
       2
       1
       4
       3
       5
       5
       2
       4
       3
       4
       5
       2
       3
       0
       0
       6
       5
       0
       2
       4
       4
       6
       4
       2
       4
       4
       5
       1
       6
       2
       5
       2
       4
       7
       3
       3
       1
       5
       4
       1
       2
       6
       1
       7
       6
       5
       2
       5
       7
       6
       5
       5
       5
       0
      15
       5
      18
       7
      14
      13
      19
      24
      17
      15
      19
       9
      19
      19
      15
      24
      17
      18
      12
       9
       9
      15
      10
       8
      12
       7
      11
      13
       6
       8
       6
       4
       7
       7
       0
       3
       8
       5
       4
       1
       1
       4
       2
       4
       4
       1
       1
       5
       6
       2
       6
       6
       3
       1
       6
       3
       6
       2
       2
       3
       3
       6
       3
       5
       3
       2
       3
       1
       1
       5
       3
       3
       4
       0
       2
       3
       2
       1
       1
       3
       2
       2
       2
       3
       1
       1
       2
       1
       4
       3
       4
       1
       4
       5
       4
       2
       2
       4
       6
       1
       4
       2
       3
       3
       5
       1
       5
       3
       4
       5
       1
       2
       2
       3
       2
       5
       1
       5
       2
       6
       5
       5
       2
       2
       3
       2
       0
       3
       1
       4
       3
       3
       4
       2
       2
       4
       2
       3
       2
       2
       1
       2
       7
       2
       6
       7
       6
       5
       4
       6
       6
       1
       0
       3
       2
       4
       3
       1
       4
       4
       7
       6
       3
       4
       4
       2
       2
       3
       4
       3
       3
       4
      10
       3
       5
       6
       3
       1
       6
       5
       4
       3
       5
       4
       4
       3
       3
       2
       4
       6
       3
       0
       1
       2
       7
       7
       2
       5
       1
       0
       1
       2
       5
       2
       4
       1
       2
       4
       2
       3
       3
       4
       5
       4
       1
       2
       3
       3
       2
       1
       4
       1
       2
       4
       3
       0
       6
       4
       3
       2
       6
       3
       3
       5
       1
       5
       4
       9
       6
       1
       7
       3
       2
       3
       2
       2
       0
      11
       4
       4
       3
       3
       4
       4
       4
       6
       4
       3
       4
       2
       3
       1
       4
       2
       3
       2
       0
       4
       5
       3
       5
       3
       2
       3
       1
       3
       2
       2
       1
       2
       4
       2
       6
       3
       2
       5
       7
       1
       3
       3
       5
       1
       5
       2
       2
       3
       1
       1
       6
       2
       2
       2
       3
       5
       2
       3
       2
       4
       2
       7
       3
       6
       3
       3
       4
       3
       4
       2
       4
       3
       3
       2
       2
       4
       3
       4
       1
       6
       2
       2
       5
       3
       3
       3
       5
       4
       3
       3
       1
       2
       2
       6
       6
       3
       0
       1
       2
       1
       3
       4
       5
       4
       3
       4
       4
       4
       2
       9
       4
       7
       2
       1
       4
       5
       2
       3
       5
       5
       5
       3
       2
       4
       8
       3
       1
       8
       0
       5
       4
       4
       6
       3
       1
       6
       4
       3
       4
       3
       2
       1
       1
       2
       2
       1
       3
       6
       2
       1
       2
       3
       5
       2
       0
       5
       2
       4
       2
       4
       4
       3
       3
       2
       2
       3
       2
       2
       4
       1
       2
       5
       3
       4
       3
       4
       2
       3
       4
       7
       2
       6
       3
       5
       5
       2
       5
       5
       4
       5
       3
       4
       3
      10
       8
       5
       7
       7
       8
       6
       5
       6
       7
      10
       4
       3
       5
       3
       5
       4
       4
       5
       3
       5
       7
       5
       2
       0
       1
       4
       1
       3
       2
       4
       2
       1
       5
       1
       3
       4
       4
       1
       4
       1
       6
       4
       4
       7
       6
       5
       2
       2
       4
       1
       3
       4
       2
       2
       5
       4
       3
       2
       5
       3
       1
       2
       2
       3
       2
       3
       4
       2
       3
       1
       2
       3
       3
       1
       2
       2
       2
       3
       3
       3
       1
       2
       6
       2
       7
       7
       6
       5
       4
       5
       3
       5
       3
       0
       7
       5
       4
       2
       2
       3
       6
       3
       5
       4
       4
       2
       1
       1
       2
       5
       3
       2
       3
       3
       4
       1
       6
       7
       4
       4
       4
       1
       4
       2
       3
       1
       3
       3
       4
       3
       2
       8
       3
       4
       4
       4
       3
       2
       4
       3
       5
       2
       5
       2
       5
       4
       4
       2
       1
       3
       4
       5
       4
       6
       1
       3
       3
       1
       5
       4
       5
       2
       3
       5
       8
       5
       3
       5
       3
       7
       2
       2
       3
       4
       3
       4
       2
       8
       6
       4
       2
       3
       5
       4
       0
       5
       5
       4
       3
       7
       5
       0
       1
       4
       2
       4
       3
       4
       3
       4
       2
       3
       4
       8
       2
       5
       3
       1
       2
       8
       2
       5
       4
       2
       4
       2
       9
       3
       4
       8
       2
       5
       5
       4
       5
       6
       4
       3
       2
       4
       2
       5
       5
       1
       4
       8
       6
       4
       3
       2
       3
       2
       4
       1
       2
       2
       4
       1
       2
       8
       5
       3
       1
       4
       1
       3
       4
       5
       0
       3
       3
       6
       4
       2
       6
       4
       1
       2
       4
       3
       1
       2
       4
       2
       4
       2
       6
       3
       3
       4
       5
       3
       6
       4
       7
       2
       2
       3
       3
       5
       0
       6
       2
       4
       3
       4
       5
       3
       5
       1
       4
       3
       4
       4
       1
       2
       3
       4
       2
       3
       3
       3
       3
       3
       6
       4
       2
       1
       1
       9
       6
       3
       3
       2
       2
       4
       4
       3
       6
       3
       3
       5
       7
       4
       3
       3
       3
       3
       2
       3
       1
       2
       4
       4
       8
       1
       3
       3
       9
       7
       4
       3
       4
       3
       1
       6
       1
       3
       5
       2
       3
       5
       1
       3
       4
       4
       2
       4
       3
       1
       0
       2
       4
       4
       4
       1
       4
       1
       1
       7
       6
       4
       5
       3
       3
       3
       3
       3
       2
       1
       6
       3
       4
       1
       1
       5
       2
       5
       2
       1
       5
       5
       6
       5
       4
       4
       4
       2
       3
       4
       4
       1
       1
       7
       2
       3
       2
       3
       7
       4
       4
       3
       3
       5
       2
       3
       3
       3
       6
       1
       4
       3
       5
       2
       4
       4
       4
       3
       4
       6
       5
       0
       4
       6
       7
       2
       1
       5
       4
       6
       4
       3
       1
       0
       5
       4
       1
       0
       2
       3
       3
       2
       4
       4
       4
       1
       2
       1
       3
       2
       6
       5
       2
       3
       3
       3
       2
       3
       4
       3
       2
       2
       7
       4
       6
       4
       3
       2
       1
       2
       3
       2
       3
       2
       3
       2
       1
       6
       5
       4
       4
       3
       1
       1
       5
       6
       4
       3
       5
       1
       9
       3
       2
       4
       3
       4
       2
       3
       2
       3
       2
       2
       5
       3
       4
       2
       4
       3
       2
       4
       2
       2
       3
       4
       3
       6
       7
       1
       3
       3
       4
       3
       3
       3
       3
       1
       2
       5
       1
       3
       1
       4
       2
       0
       1
       6
       2
       5
       3
       2
       5
       2
       5
       1
       1
       6
       6
       3
       1
       3
       2
       4
       4
       2
       1
       4
       4
       9
       2
       5
       1
       5
       3
       4
       4
       3
       2
       4
       6
       4
       4
       2
       2
       3
       3
       0
       5
       3
       2
       4
       5
       7
       2
       7
       3
       3
       5
       1
       6
       4
       4
       1
       2
       2
       1
       2
       5
       2
       4
       8
       5
       0
       3
       6
       3
       3
       6
       4
       1
       1
       4
       4
       4
       3
       3
       7
       2
       3
       8
       3
       4
       3
       2
       4
       4
       1
       4
       2
       6
       0
       4
       6
       2
       3
       3
       4
       7
       3
       2
       2
       7
       3
       3
       4
       6
       6
       0
       1
       3
       2
       2
       5
       3
       2
       3
       4
      10
       2
       3
       6
       9
       9
       3
       4
       2
       3
       2
       2
       2
       0
       4
       6
       3
       2
       1
       3
       1
       2
       2
       5
       3
       3
       4
       4
       1
       5
       1
       3
       4
       1
       4
       2
       5
       5
       5
       4
       3
       1
       1
       6
       3
       6
       4
       5
       3
       3
       2
       4
       7
       4
       4
      10
       1
      10
       7
       5
       5
       9
       6
       6
       6
       2
       9
       7
       8
       2
       4
       4
       2
       7
       4
       4
       3
       2
       3
       2
       5
       5
       5
       2
       6
       0
       5
       2
       3
       2
       6
       0
       2
       3
       3
       6
       7
       3
       6
       5
       6
       1
       2
       2
       4
       6
       3
       5
       6
       4
       5
       3
       3
       7
       4
       3
       1
       6
       6
       0
       2
       5
       3
       4
       6
       1
       3
       4
       4
       0
       1
       5
       2
       5
       6
      10
       3
       1
       6
       5
       1
       3
       2
       5
       1
       3
       1
       2
       1
       4
       5
       3
       2
       2
       4
       1
       7
       3
       4
       2
       1
       2
       1
       2
       3
       2
       5
       3
       2
       2
       4
       3
       0
       4
       5
       1
       5
       0
       2
       3
       4
       4
       2
       1
       4
       3
       1
       3
       3
       3
       3
       4
       2
       4
       0
       4
       6
       4
       4
       2
       4
       3
       3
       3
       3
       5
       4
       3
       2
       2
       2
       0
       2
       2
       0
       4
       2
       4
       3
       4
       4
       3
       5
       3
       1
       6
       2
       6
       3
       4
       6
       2
       2
       2
       5
       4
       4
       3
       4
       5
       0
       4
       4
       5
       6
       4
       0
       3
       3
       2
       4
       2
       5
       5
       5
       6
       2
       3
       7
       4
       2
       5
       2
       4
       6
       3
       5
       2
       7
       4
       9
       5
       4
       4
       1
       5
       2
       2
       4
       4
       3
       3
       2
       4
       4
       4
       0
       4
       5
       2
       3
       5
       4
       5
       2
       5
       3
       5
       4
       3
       3
       1
       3
       3
       1
       4
       3
       7
       3
       8
       2
       0
       2
       5
       4
       2
       5
       3
       4
       3
       5
       3
       0
       5
       4
       3
       3
       3
       7
       1
       3
       6
       4
       4
       1
       5
       2
       2
       1
       2
       3
       2
       2
       4
       1
       4
       4
       4
       3
       6
       2
       3
       4
       5
       3
       0
       4
       2
       0
       3
       8
       6
       3
       3
       2
       2
       3
       5
       3
       3
       5
       1
       1
       3
       3
       1
       2
       0
       2
       3
       1
       4
       3
       1
       3
       5
       3
       1
       2
       3
       1
       5
       3
       3
       3
       3
       3
       5
       3
       5
       5
       3
       2
       1
       2
       2
       2
       2
       2
       5
       2
       7
       1
       1
       3
       3
       3
       6
       0
       2
       0
       6
       1
       0
       4
       3
       1
       3
       4
       3
       3
       5
       1
       4
       3
       4
       1
       3
       4
       2
       3
       5
       7
       1
       4
       2
       3
       0
       1
       1
       4
       4
       2
       7
       1
       7
       4
       3
       4
       5
       1
       2
       2
       6
       3
       3
       1
       4
       3
       1
       3
       5
       0
       2
       3
       4
       2
       3
       5
       5
       4
       2
       1
       1
       2
       5
       7
       3
       6
       1
       3
       3
       3
       4
       5
       3
       1
       2
       2
       4
       2
       4
       4
       8
       4
       5
       6
       5
       6
       2
       5
       2
       1
       3
       2
       3
       6
       3
       1
       2
       4
       0
       4
       4
       2
       1
       3
       3
       5
       4
       3
       1
       3
       2
       1
       2
       3
       2
       9
       2
       3
       5
       3
       2
       1
       3
       3
       5
       2
       5
       3
       3
       4
       6
       4
       5
       5
       1
       4
       3
       7
       3
       3
       2
       0
       5
       0
       2
       1
       0
       3
       1
       0
       3
       4
       1
       1
       1
       2
       2
       3
       2
       1
       3
       3
       1
       4
       7
       0
       5
       2
       1
       0
       2
       4
       3
       2
       2
       6
       1
       6
       1
       4
       3
       3
       0
       0
       2
       2
       2
       3
       3
       3
       3
       1
       2
       1
       2
       4
       4
       2
       4
       6
       5
       2
       5
       1
       1
       2
       3
       3
       3
       3
       5
       3
       3
       2
       2
       4
       2
       0
       1
       3
       1
       4
       0
       1
       3
       0
       3
       6
       0
       5
       4
       4
       4
       4
       2
       4
       2
       0
       4
       4
       2
       6
       2
       2
       3
       3
       5
       2
       4
       2
       3
       0
       1
       2
       8
       4
       4
       5
       2
       3
       5
       7
       1
       2
       2
       4
       2
       5
       0
       5
       4
       1
       2
       3
       4
       4
       1
       2
       5
       2
       2
       2
       3
       1
       2
       1
       3
       2
       2
       1
       2
       4
       1
       3
       3
       3
       1
       3
       2
       3
       5
       1
       3
       3
       4
       1
       4
       5
       1
       2
       0
       4
       3
       4
       3
       2
       2
       5
       5
       1
       3
       1
       3
       3
       2
       5
       1
       3
       6
       2
       7
       5
       1
       5
       5
       7
       3
       3
       6
       2
       2
       2
       5
       1
       1
       3
       4
       4
       1
       3
       3
       7
       5
       0
       6
       3
       1
       7
       3
       3
       3
       2
       2
       1
       4
       3
       2
       4
       2
       1
       5
       5
       1
       3
       5
       3
       2
       2
       4
       2
       4
       2
       3
       2
       1
       3
       0
       5
       3
       3
       3
       3
       2
       5
       4
       3
       3
       5
       5
       4
       3
       6
       2
       8
       1
       2
       3
       3
       2
       0
       3
       1
       7
       2
       2
       3
       2
       2
       5
       2
       2
       3
       2
       2
       1
       3
       6
       1
       3
       5
       5
       3
       2
       1
       6
       3
       4
       2
       1
       1
       0
       1
       1
       3
       2
       5
       6
       1
       0
       1
       2
       2
       3
       1
       1
       6
       1
       4
       1
       7
       5
       4
       2
       1
       1
       4
       1
       1
       1
       4
       5
       3
       2
       1
       4
       2
       3
       0
       2
       1
       2
       3
       2
       3
       4
       2
       3
       4
       3
       4
       2
       1
       1
       1
       1
       3
       3
       1
       0
       3
       1
       2
       3
       2
       8
       2
       4
       2
       6
       2
       2
       3
       6
       2
       2
       2
       9
       4
       3
       2
       2
       4
       2
       3
       2
       2
       2
       6
       2
       4
       4
       4
       3
       0
       4
       3
       5
       2
       1
       4
       3
       1
       3
       4
       2
       5
       7
       1
       3
       4
       4
       2
       2
       1
       4
       2
       5
       4
       1
       2
       6
       4
       5
       4
       3
       1
       2
       0
       5
       3
       2
       1
       2
       2
       4
       3
       1
       3
       0
       4
       3
       1
       4
       6
       1
       1
       2
       3
       3
       7
       3
       2
       4
       4
       5
       3
       4
       5
       2
       1
       4
       2
       4
       6
       3
       5
       5
       4
       1
       4
       7
       4
       6
       5
       2
       2
       3
       6
       3
       4
       2
       3
       1
       2
       2
       2
       3
       7
       2
       3
       1
       0
       4
       2
       4
       3
       2
       4
       3
       4
       1
       1
       5
       5
       3
       2
       3
       4
       1
       5
       1
       0
       7
       3
       5
       2
       2
       2
       3
       2
       1
       1
       5
       2
       2
       1
       3
       1
       1
       4
       3
       3
       6
       4
       6
       2
       3
       3
       3
       3
       2
       2
       3
       4
       2
       6
       4
       3
       1
       5
       0
       2
       2
       3
       3
       1
       1
       0
       4
       6
       2
       4
       4
       2
       4
       4
       3
       3
       3
       7
       2
       1
       3
       4
       2
       5
       3
       0
       3
       1
       1
       4
       3
       4
       0
       2
      10
       4
       3
       1
       1
       4
       2
       2
       2
       1
       3
       4
       3
       2
       3
       0
       3
       3
       2
       2
       5
       1
       6
       0
       7
       1
       4
       4
       3
       8
       5
       3
       2
       5
       4
       3
       1
       2
       3
       2
       3
       2
       0
       0
       2
       1
       4
       4
       4
       2
       3
       2
       3
       7
       2
       2
       5
       2
       3
       4
       2
       1
       2
       4
       6
       1
       3
       0
       5
       2
       2
       3
       0
       2
       2
       4
       2
       1
       4
       2
       1
       2
       4
       3
       3
       0
       4
       7
       4
       5
       3
       2
       2
       3
       2
       1
       2
       3
       0
       1
       4
       2
       7
       1
       2
       2
       4
      11
       5
       6
       5
       2
       4
       2
       7
       2
      10
       5
       3
       6
      10
       3
       5
       8
       6
       4
       4
       3
       4
       3
       5
       2
       2
       1
       6
       6
       3
       1
       2
       1
       3
       6
       5
       2
       1
       2
       3
       4
       1
       3
       3
       4
       4
       1
       4
       1
       5
       1
       6
       2
       3
       2
       1
       1
       2
       4
       3
       3
       2
       2
       3
       0
       0
       1
       2
       2
       3
       2
       2
       2
       3
       3
       2
       3
       0
       2
       2
       1
       3
       2
       7
       2
       1
       2
       4
       2
       2
       2
       0
       3
       2
       3
       1
       2
       5
       5
       3
       3
       2
       2
       5
       4
       3
       3
       0
       4
       2
       2
       4
       1
       1
       3
       0
       5
       3
       2
       1
       4
       1
       0
       1
       1
       4
       2
       4
       3
       5
       4
       3
       1
       4
       2
       1
       2
       6
       2
       2
       1
       1
       2
       5
       3
       2
       1
       4
       3
       2
       2
       1
       5
       3
       2
       4
       1
       2
       3
       1
       1
       5
       3
       4
       4
       2
       0
       1
       2
       0
       2
       4
       3
       1
       0
       1
       3
       2
       5
       2
       0
       3
       2
       4
       4
       2
       2
       4
       3
       4
       1
       3
       2
       1
       1
       0
       1
       3
       2
       2
       4
       1
       2
       4
       3
       3
       1
       3
       0
       1
       3
       5
       4
       3
       6
       4
       1
       1
       0
       0
       5
       1
       1
       3
       0
       1
       4
       4
       3
       0
       0
       4
       3
       2
       3
       2
       5
       4
       5
       1
       3
       3
       4
       9
       1
       2
       2
       1
       4
       4
       4
       1
       2
       6
       2
       2
       6
       1
       6
       4
       0
       1
       2
       2
       3
       1
       1
       0
       4
       5
       5
       2
       6
       3
       2
       2
       6
       4
       1
       3
       2
       5
       2
       3
       3
       1
       2
       3
       6
       5
       3
       2
       4
       2
       6
       5
       3
       3
       0
       3
       4
       5
       2
       3
       3
       4
       2
       5
       2
       1
       4
       3
       3
       2
       3
       2
       3
       3
       2
       6
       3
       2
       1
       4
       5
       6
       4
       3
       2
       1
       3
       1
       1
       4
       3
       2
       3
       2
       2
       2
       0
       4
       3
       3
       5
       3
       2
       1
       4
       2
       3
       2
       3
       4
       2
       2
       2
       5
       2
       8
       3
       2
       5
       2
       1
       5
       0
       2
       7
       3
       2
       1
       4
       1
       3
       1
       3
       1
       3
       6
       4
       4
       7
       1
       1
       5
       3
       1
       2
       1
       7
       1
       5
       3
       3
       1
       2
       3
       0
       4
       2
       3
       2
       3
       2
       5
       4
       2
       1
       3
       0
       3
       4
       2
       0
       2
       1
       1
       2
       1
       7
       1
       4
       4
       4
       0
       7
       3
       3
       2
       0
       1
       1
       1
       3
       4
       1
       4
       2
       4
       1
       3
       3
       4
       4
       3
       3
       3
       3
       3
       2
       4
       1
       5
       2
       3
       0
       2
       3
       1
       3
       4
       1
       2
       3
       1
       2
       3
       2
       7
       1
       2
       4
       2
       2
       4
       2
       1
       7
       1
       2
       0
       2
       1
       6
       3
       2
       4
       0
       3
       6
       2
       2
       3
       3
       2
       3
       8
       3
       2
       1
       0
       3
       7
       1
       1
       4
       9
       2
       4
       3
       4
       2
       4
       4
       1
       3
       2
       2
       1
       2
       3
       7
       3
       2
       4
       5
       1
       5
       4
       2
       4
       5
       1
       2
       2
       4
       6
       3
       5
       4
       3
       0
       2
       0
       2
       2
       2
       4
       5
       2
       3
       7
       3
       7
       7
       4
       7
       0
       5
       1
       4
       4
       3
       2
       4
       2
       4
       3
       3
       2
       4
       5
       5
       4
       1
       6
       3
       4
       5
       1
       3
       0
       1
       1
       3
       5
       1
       0
       1
       3
       2
       3
       2
       2
       4
       2
       2
       4
       5
       4
       3
       3
       0
       3
       1
       2
       6
       6
       5
       1
       3
       2
       3
       1
       1
       7
       4
       3
       4
       1
       3
       1
       4
       1
       2
       0
       1
       2
       5
       0
       4
       1
       3
       2
       4
       0
       0
       3
       3
       3
       3
       2
       4
       1
       2
       2
       4
       0
       1
       5
       2
       3
       1
       4
       5
       2
       2
       3
       6
       2
       4
       1
       3
       2
       0
       2
       4
       5
       6
       3
       2
       0
       4
       3
       2
       1
       4
       6
       3
       1
       3
       3
       3
       4
       5
       4
       2
       1
       1
       1
       6
       1
       2
       0
       0
       2
       4
       1
       4
       1
       3
       6
       2
       3
       1
       1
       3
       4
       1
       3
       2
       2
       4
       3
       2
       0
       1
       2
       1
       1
       2
       2
       1
       2
       2
       2
       1
       8
       1
       2
       4
       1
       2
       4
       4
       4
       0
       2
       2
       3
       2
       5
       3
       4
       3
       6
       5
       3
       2
       1
       2
       1
       2
       5
       2
       0
       6
       0
       5
       5
       2
       2
       2
       2
       3
       2
       0
       3
       3
       2
       0
       4
       4
       5
       4
       1
       4
       4
       2
       4
       2
       5
       2
       4
       3
       5
       3
       2
       0
       3
       4
       1
       1
       3
       4
       4
       5
       2
       1
       5
       2
       2
       2
       0
       2
       2
       2
       4
       4
       0
       1
       5
       5
       2
       3
       3
       3
       1
       0
       1
       4
       3
       3
       2
       0
       2
       4
       1
       1
       2
       1
       3
       6
       1
       2
       4
       4
       2
       4
       3
       1
       0
       5
       2
       7
       6
       2
       4
       7
       4
       3
       2
       3
       6
       7
       3
       4
       5
       5
       7
       6
       6
       4
       9
      11
      11
      12
      14
      17
      15
      14
      24
      14
      23
      34
      17
      35
      38
      32
      26
      34
      34
      24
      34
      34
      28
      24
      28
      28
      23
      31
      21
      19
      18
      17
      16
      14
      16
      11
      15
       9
       6
       7
       7
       6
       6
       4
       1
       1
       4
       4
       0
       0
       2
       1
       0
       4
       5
       0
       3
       1
       1
       1
       5
       3
       3
       2
       2
       1
       2
       2
       0
       1
       0
       3
       7
       0
       3
       0
       1
       1
       5
      10
       1
       3
       2
       1
       1
       2
       5
       2
       2
       1
       4
       2
       3
       1
       4
       3
       2
       1
       5
       5
       0
       2
       4
       2
       2
       5
       1
       4
       1
       2
       0
       6
       1
       3
       2
       1
       3
       0
       2
       3
       3
       2
       3
       2
       3
       2
       0
       2
       1
       2
       2
       2
       9
       1
       0
       2
       0
       1
       3
       2
       5
       2
       6
       2
       2
       2
       0
       4
       3
       1
       1
       1
       0
       4
       1
       4
       3
       2
       4
       5
       2
       1
       0
       1
       2
       2
       1
       3
       3
       0
       3
       2
       1
       3
       2
       1
       3
       1
       4
       1
       1
       1
       2
       4
       2
       3
       3
       4
       5
       2
       3
       2
       2
       2
       1
       4
       0
       0
       3
       3
       1
       2
       5
       1
       5
       2
       3
       1
       6
       4
       3
       2
       4
       3
       0
       1
       2
       0
       4
       3
       1
       3
       1
       1
       4
       4
       0
       4
       3
       2
       2
       5
       3
       4
       3
       3
       1
       1
       4
       2
       1
       0
       2
       1
       2
       0
       1
       3
       5
       4
       2
       4
       2
       1
       3
       2
       5
       2
       3
       3
       1
       3
       2
       4
       2
       5
       1
       3
       5
       3
       1
       1
       2
       2
       3
       0
       3
       2
       2
       1
       1
       4
       4
       2
       1
       3
       4
       4
       1
       2
       4
       1
       4
       1
       4
       4
       4
       6
       1
       0
       2
       1
       3
       3
       4
       3
       4
       1
       2
       2
       4
       6
       3
       3
       3
       2
       4
       2
       2
       3
       3
       3
       1
       4
       4
       0
       1
       4
       1
       4
       3
       4
       4
       3
       2
       6
       5
       2
       3
       1
       1
       2
       3
       2
       4
       2
       2
       5
       2
       3
       4
       1
       2
       3
       1
       1
       3
       1
       0
       2
       3
       2
       3
       4
       1
       2
       1
       5
       1
       0
       0
       1
       2
       1
       2
       0
       5
       2
       3
       1
       3
       1
       4
       5
       3
       5
       4
       3
       2
       1
       1
       2
       0
       3
       4
       3
       3
       2
       1
       2
       1
       0
       2
       1
       4
       4
       3
       4
       6
       2
       1
       1
       3
       3
       3
       4
       1
       1
       2
       2
       2
       2
       2
       2
       5
       2
       2
       3
       3
       2
       2
       6
       3
       1
       1
       0
       3
       2
       1
       0
       1
       4
       2
       4
       2
       1
       3
       1
       3
       0
       4
       5
       2
       0
       1
       0
       2
       2
       0
       3
       2
       1
       1
       3
       1
       1
       2
       1
       1
       2
       3
       2
       7
      34
      53
      46
      41
      51
      54
      48
      55
      49
      37
      41
      42
      38
      34
      43
      35
      44
      49
      54
      45
      41
      51
      41
      47
      46
      54
      41
      50
      31
      46
      53
      49
      49
      46
      55
      55
      38
      56
      43
      41
      50
      53
      48
      53
      41
      41
      43
      46
      55
      53
      37
      44
      41
      48
      44
      52
      40
      41
      37
      52
      44
      46
      40
      45
      55
      43
      46
      42
      42
      43
      46
      50
      40
      45
      36
      47
      39
      37
      49
      48
      33
      41
      49
      47
      40
      46
      49
      42
      43
      34
      39
      49
      39
      46
      45
      43
      35
      48
      45
      38
      46
      44
      35
      37
      46
      49
      43
      38
      33
      43
      44
      35
      39
      43
      39
      36
      34
      43
      41
      41
      39
      42
      32
      54
      39
      35
      39
      48
      40
      45
      46
      38
      49
      35
      40
      32
      38
      39
      31
      44
      39
      48
      38
      49
      39
      54
      36
      44
      42
      37
      37
      41
      62
      39
      52
      48
      37
      46
      42
      38
      44
      36
      43
      41
      45
      43
      32
      41
      52
      36
      42
      51
      41
      44
      41
      33
      43
      43
      30
      45
      34
      50
      40
      37
      25
$ROI:
0
$PRESETS:
None
0
0
$ENER_FIT:
0.000000 0.000000
$MCA_CAL:
3
0.000000E+000 0.000000E+000 0.000000E+000 
$SHAPE_CAL:
3
0.000000E+000 0.000000E+000 0.000000E+000
