$SPEC_ID:
No sample description was entered.
$SPEC_REM:
DET# 1
DETDESC# PHYSPRAK2 926
AP# Maestro Version 7.01
$DATE_MEA:
10/21/2024 13:01:50
$MEAS_TIM:
3427 3516
$DATA:
0 8191
       0
       0
       0
       0
       0
       0
       0
       0
       0
       0
       1
       0
       0
       0
       0
       0
       0
       0
       1
       0
       0
       0
       0
       0
       0
       0
       0
       0
       0
       0
       0
       0
       0
       0
       0
       0
       0
       0
       0
       0
       0
       0
       0
       0
       0
       0
       0
       0
       1
       3
      10
      37
      81
     190
     362
     579
     914
    1008
    1134
    1144
    1225
    1208
    1276
    1161
    1198
    1184
    1226
    1172
    1085
    1118
    1133
    1131
    1171
    1104
    1129
    1164
    1100
    1147
    1110
    1078
    1032
    1128
    1109
    1104
    1148
    1126
    1025
    1091
    1060
    1089
    1147
    1031
    1050
    1051
    1005
    1048
    1064
     999
    1006
    1017
     999
    1001
     955
     985
     885
     954
     958
     920
     926
     904
     905
     892
     882
     889
     851
     867
     837
     837
     837
     829
     808
     807
     781
     789
     797
     750
     734
     785
     744
     740
     785
     709
     702
     738
     700
     705
     719
     692
     651
     606
     651
     630
     565
     593
     537
     615
     588
     570
     560
     592
     551
     531
     532
     565
     505
     506
     488
     511
     459
     457
     528
     410
     450
     433
     436
     447
     415
     446
     460
     423
     404
     430
     399
     422
     416
     392
     433
     412
     396
     399
     393
     406
     415
     387
     325
     397
     374
     389
     395
     368
     356
     357
     351
     357
     355
     389
     376
     364
     389
     328
     333
     359
     340
     320
     351
     359
     344
     336
     366
     301
     368
     330
     303
     352
     329
     322
     316
     300
     333
     285
     311
     319
     340
     327
     304
     318
     317
     327
     307
     313
     308
     327
     303
     303
     316
     311
     298
     277
     264
     274
     296
     298
     296
     278
     326
     289
     273
     284
     274
     285
     263
     298
     287
     317
     281
     269
     284
     266
     279
     317
     303
     274
     256
     254
     324
     291
     250
     284
     272
     299
     304
     275
     280
     291
     263
     237
     287
     274
     273
     277
     275
     248
     270
     265
     269
     290
     271
     258
     252
     261
     268
     272
     250
     264
     242
     302
     247
     273
     227
     268
     266
     242
     251
     267
     261
     262
     287
     245
     259
     245
     210
     249
     256
     236
     253
     232
     261
     248
     244
     256
     274
     201
     246
     234
     240
     259
     266
     213
     225
     243
     241
     247
     230
     260
     230
     250
     273
     239
     239
     246
     222
     224
     237
     212
     244
     224
     238
     234
     219
     251
     251
     235
     243
     238
     224
     250
     236
     225
     234
     239
     263
     230
     213
     230
     232
     239
     235
     213
     217
     246
     240
     220
     251
     232
     257
     221
     246
     244
     234
     208
     228
     209
     245
     206
     204
     226
     196
     237
     231
     231
     231
     227
     217
     232
     222
     240
     196
     190
     230
     219
     235
     213
     222
     220
     212
     206
     217
     195
     208
     240
     212
     224
     219
     221
     225
     195
     229
     225
     215
     218
     225
     212
     222
     213
     232
     197
     195
     199
     222
     228
     220
     200
     220
     204
     228
     218
     225
     238
     219
     248
     209
     245
     219
     212
     201
     223
     210
     249
     207
     225
     258
     232
     241
     217
     222
     235
     247
     217
     222
     260
     210
     256
     199
     236
     201
     214
     231
     224
     219
     232
     231
     217
     200
     215
     210
     233
     220
     195
     238
     215
     204
     207
     177
     191
     197
     202
     230
     206
     198
     205
     221
     218
     209
     234
     216
     204
     237
     220
     239
     237
     208
     200
     210
     228
     201
     234
     208
     205
     200
     208
     221
     221
     184
     230
     210
     228
     214
     225
     216
     263
     231
     229
     250
     238
     227
     210
     226
     242
     212
     235
     212
     241
     213
     208
     235
     223
     205
     224
     197
     217
     205
     208
     199
     209
     209
     197
     188
     210
     223
     247
     228
     219
     217
     225
     242
     212
     208
     223
     238
     226
     201
     225
     211
     227
     203
     235
     201
     226
     223
     222
     216
     227
     265
     217
     217
     232
     211
     246
     221
     238
     245
     218
     245
     235
     249
     232
     212
     246
     227
     246
     244
     223
     258
     215
     237
     237
     225
     245
     251
     247
     219
     226
     260
     217
     256
     243
     245
     264
     249
     253
     260
     312
     281
     311
     350
     351
     431
     427
     381
     438
     441
     422
     430
     414
     396
     389
     380
     372
     335
     359
     300
     306
     267
     280
     264
     249
     280
     249
     267
     240
     260
     258
     248
     280
     252
     260
     285
     243
     258
     261
     240
     265
     266
     271
     284
     249
     274
     270
     287
     279
     309
     291
     324
     279
     278
     283
     326
     295
     308
     311
     295
     256
     275
     286
     275
     274
     264
     288
     273
     253
     283
     279
     278
     282
     286
     271
     304
     254
     270
     259
     301
     272
     287
     274
     296
     291
     300
     281
     277
     284
     264
     300
     324
     263
     292
     324
     307
     293
     319
     296
     293
     280
     301
     308
     328
     336
     326
     302
     319
     334
     351
     404
     391
     488
     554
     534
     609
     672
     736
     781
     858
     835
     851
     848
     878
     792
     787
     732
     706
     636
     641
     638
     580
     564
     607
     655
     731
     837
     891
    1018
    1099
    1124
    1270
    1287
    1250
    1227
    1280
    1151
    1165
    1096
     975
     867
     806
     660
     615
     502
     532
     468
     397
     379
     385
     410
     376
     329
     367
     363
     363
     347
     339
     336
     334
     332
     350
     337
     309
     321
     358
     326
     326
     354
     335
     353
     339
     388
     338
     322
     335
     329
     314
     317
     304
     288
     250
     290
     285
     306
     248
     273
     320
     304
     320
     343
     353
     346
     376
     379
     396
     457
     427
     439
     452
     460
     462
     424
     405
     395
     372
     357
     361
     354
     330
     308
     302
     305
     313
     311
     284
     313
     318
     326
     355
     372
     389
     404
     466
     495
     503
     555
     594
     579
     608
     695
     633
     699
     683
     621
     559
     583
     582
     508
     472
     436
     434
     365
     383
     348
     324
     316
     338
     346
     341
     353
     394
     416
     389
     399
     403
     404
     474
     475
     445
     438
     384
     390
     344
     389
     318
     333
     345
     326
     305
     307
     374
     389
     428
     476
     490
     570
     628
     736
     739
     816
     846
     844
     900
     873
     895
     851
     842
     823
     692
     640
     592
     584
     482
     459
     465
     457
     409
     434
     402
     396
     382
     390
     442
     381
     382
     400
     399
     349
     374
     322
     323
     304
     257
     303
     265
     258
     241
     238
     238
     231
     192
     245
     221
     239
     250
     250
     274
     264
     277
     284
     277
     320
     312
     372
     333
     400
     416
     398
     403
     440
     361
     388
     407
     380
     362
     329
     298
     281
     284
     260
     252
     247
     209
     240
     223
     242
     235
     237
     227
     238
     243
     234
     209
     221
     221
     209
     214
     191
     206
     231
     229
     247
     224
     210
     179
     244
     222
     209
     205
     217
     207
     210
     221
     228
     201
     220
     196
     227
     222
     222
     231
     238
     241
     207
     216
     236
     206
     220
     205
     217
     213
     218
     244
     208
     254
     230
     184
     208
     225
     245
     228
     244
     218
     185
     221
     233
     211
     188
     220
     204
     213
     206
     217
     211
     222
     250
     232
     221
     229
     217
     202
     207
     233
     249
     247
     220
     234
     250
     281
     265
     245
     246
     260
     234
     248
     227
     239
     240
     268
     239
     259
     259
     281
     281
     263
     265
     259
     302
     260
     297
     280
     271
     281
     283
     305
     275
     273
     273
     266
     257
     276
     268
     276
     259
     263
     296
     297
     262
     308
     255
     279
     262
     247
     270
     298
     250
     258
     272
     250
     245
     256
     265
     238
     243
     259
     243
     236
     228
     246
     239
     225
     235
     225
     248
     221
     240
     226
     237
     208
     227
     217
     224
     230
     226
     218
     202
     209
     226
     221
     208
     209
     225
     240
     211
     209
     246
     241
     257
     190
     186
     212
     237
     214
     226
     199
     207
     242
     217
     206
     208
     216
     238
     211
     217
     211
     211
     211
     218
     231
     206
     203
     216
     207
     232
     219
     225
     232
     242
     225
     180
     195
     218
     216
     226
     260
     232
     222
     257
     221
     236
     213
     220
     226
     259
     209
     218
     199
     225
     200
     230
     220
     202
     200
     226
     213
     241
     202
     199
     219
     208
     244
     215
     219
     233
     224
     215
     223
     220
     229
     235
     222
     189
     185
     213
     224
     226
     205
     243
     215
     213
     225
     230
     210
     231
     221
     223
     204
     201
     201
     212
     222
     210
     214
     210
     215
     213
     224
     216
     215
     225
     209
     246
     209
     218
     205
     209
     258
     244
     232
     225
     218
     227
     236
     233
     211
     196
     216
     209
     230
     233
     240
     241
     196
     236
     195
     237
     221
     212
     210
     208
     230
     228
     243
     245
     235
     225
     194
     224
     226
     215
     234
     214
     234
     202
     232
     262
     206
     239
     203
     222
     201
     232
     234
     212
     215
     219
     235
     217
     245
     227
     221
     251
     232
     206
     202
     223
     205
     228
     239
     204
     256
     212
     195
     233
     200
     224
     220
     235
     232
     226
     249
     219
     217
     225
     229
     257
     255
     207
     235
     231
     221
     213
     225
     253
     227
     223
     237
     234
     249
     228
     234
     204
     253
     241
     207
     231
     252
     231
     240
     243
     201
     256
     235
     205
     221
     247
     229
     263
     237
     242
     262
     239
     253
     226
     249
     233
     262
     224
     244
     235
     241
     211
     234
     254
     243
     238
     269
     263
     241
     281
     275
     276
     306
     339
     315
     314
     308
     370
     300
     343
     318
     299
     325
     371
     350
     315
     288
     275
     287
     250
     280
     253
     260
     253
     235
     239
     238
     235
     241
     241
     242
     228
     230
     231
     240
     250
     217
     253
     219
     249
     248
     229
     216
     255
     211
     239
     244
     248
     236
     237
     244
     254
     239
     255
     211
     219
     242
     245
     261
     261
     249
     246
     259
     230
     252
     273
     249
     228
     244
     227
     232
     243
     256
     255
     228
     253
     223
     233
     229
     246
     249
     237
     257
     271
     220
     252
     243
     255
     268
     255
     236
     246
     246
     233
     265
     249
     230
     289
     228
     246
     243
     274
     264
     276
     274
     295
     307
     267
     271
     246
     294
     278
     291
     271
     270
     297
     285
     258
     248
     247
     264
     234
     248
     234
     243
     230
     243
     251
     232
     234
     238
     235
     253
     229
     239
     220
     259
     220
     217
     226
     214
     221
     231
     235
     227
     237
     223
     216
     234
     244
     227
     234
     225
     226
     230
     249
     242
     245
     228
     216
     228
     212
     210
     220
     213
     236
     199
     234
     201
     237
     194
     202
     238
     192
     220
     196
     231
     226
     207
     184
     199
     212
     228
     211
     227
     217
     223
     210
     232
     218
     251
     216
     244
     249
     201
     272
     266
     229
     231
     248
     258
     250
     241
     239
     218
     231
     211
     212
     195
     228
     241
     201
     203
     212
     198
     203
     201
     211
     196
     200
     183
     197
     186
     201
     203
     188
     201
     184
     207
     198
     195
     196
     192
     184
     176
     221
     191
     188
     212
     191
     188
     207
     194
     204
     195
     203
     208
     206
     202
     194
     182
     213
     199
     225
     192
     204
     211
     224
     206
     196
     189
     186
     205
     179
     210
     188
     212
     190
     207
     198
     202
     205
     186
     219
     197
     189
     216
     191
     195
     193
     219
     211
     203
     175
     210
     202
     195
     181
     186
     207
     190
     188
     188
     180
     200
     202
     199
     176
     212
     181
     178
     208
     189
     203
     208
     199
     184
     194
     177
     182
     212
     197
     201
     199
     184
     205
     195
     178
     186
     203
     199
     198
     203
     177
     202
     164
     182
     202
     211
     181
     200
     187
     187
     210
     190
     165
     205
     143
     183
     209
     198
     174
     204
     205
     175
     198
     210
     173
     171
     165
     188
     189
     195
     199
     213
     200
     180
     213
     202
     198
     204
     203
     202
     213
     220
     192
     214
     210
     198
     194
     187
     198
     195
     195
     187
     193
     206
     198
     205
     193
     197
     183
     197
     205
     200
     188
     212
     196
     210
     210
     203
     211
     177
     197
     196
     185
     226
     191
     197
     207
     223
     251
     301
     264
     351
     371
     399
     517
     498
     543
     642
     728
     812
     902
     956
     966
    1031
    1009
    1054
     989
    1042
     939
     848
     770
     712
     615
     585
     498
     465
     380
     355
     317
     233
     243
     232
     232
     207
     197
     185
     192
     153
     182
     182
     185
     150
     171
     181
     174
     167
     178
     162
     173
     170
     175
     193
     178
     170
     180
     206
     183
     191
     152
     174
     179
     193
     180
     171
     193
     178
     167
     195
     173
     174
     168
     173
     193
     172
     184
     182
     198
     175
     156
     184
     162
     183
     164
     192
     180
     191
     196
     172
     176
     171
     191
     169
     201
     169
     168
     157
     174
     165
     177
     157
     193
     187
     181
     155
     192
     212
     188
     172
     198
     198
     189
     200
     192
     161
     181
     170
     182
     188
     153
     180
     193
     184
     196
     147
     168
     172
     184
     183
     168
     159
     161
     170
     163
     173
     165
     191
     191
     174
     153
     152
     178
     160
     186
     185
     171
     164
     166
     172
     170
     174
     160
     141
     146
     182
     179
     162
     172
     176
     159
     159
     176
     142
     159
     162
     165
     169
     193
     156
     159
     174
     177
     168
     195
     176
     164
     179
     182
     158
     147
     175
     172
     178
     157
     166
     182
     166
     140
     144
     176
     159
     163
     164
     190
     148
     198
     160
     151
     201
     159
     181
     185
     207
     169
     192
     175
     176
     183
     175
     159
     146
     182
     156
     156
     177
     161
     173
     135
     148
     161
     155
     139
     150
     158
     127
     135
     156
     144
     127
     157
     143
     123
     126
     153
     142
     152
     129
     161
     141
     163
     143
     161
     145
     151
     138
     157
     142
     150
     152
     148
     138
     146
     155
     133
     148
     149
     135
     146
     113
     148
     149
     141
     148
     147
     137
     156
     151
     136
     117
     153
     134
     126
     154
     132
     134
     152
     124
     135
     128
     132
     139
     129
     140
     127
     137
     139
     124
     146
     140
     130
     135
     127
     143
     143
     125
     122
     141
     129
     115
     129
     132
     125
     118
     143
     140
     149
     131
     127
     120
     137
     132
     117
     145
     123
     148
     129
     118
     128
     133
     129
     138
     143
     147
     129
     116
     126
     151
     144
     119
     130
     128
     141
     138
     118
     135
     130
     133
     132
     138
     129
     131
     112
     121
     137
     138
     139
     114
     130
     118
     133
     143
     136
     131
     117
     130
     154
     138
     138
     130
      92
     123
     134
     126
     128
     129
     131
     123
     114
     134
     110
     121
     138
     138
     111
     110
     135
     125
     128
     119
     111
     111
     141
     108
     118
     135
     120
     137
     135
     128
     138
     133
     125
     115
     131
     125
     136
     120
     121
     144
     126
     128
     118
     130
     131
     105
     120
     152
     142
     111
     120
     130
     123
     120
     119
     113
     116
     126
     138
     141
     114
     113
     127
     103
     121
     125
     124
     106
      90
     120
     115
     128
     118
     138
     110
     119
     124
      90
     111
     140
     110
     137
     120
     145
     110
     104
     128
     136
     108
     114
     114
     116
     101
     130
     100
     106
     110
     102
     124
     121
     119
     107
     103
     118
     133
     118
     113
     113
     116
     134
     117
     109
     124
     108
     116
     117
     118
     104
     100
     132
     127
     124
     103
     141
     119
     117
     101
     121
     136
     105
     146
     146
     142
     161
     143
     146
     149
     182
     168
     204
     163
     161
     174
     157
     192
     167
     164
     161
     135
     155
     149
     110
     128
     144
     110
     143
     140
     109
     116
     113
     117
     122
     121
      97
     117
     116
     118
     141
     115
     120
     112
     140
     111
     119
     104
     102
     109
     115
     105
     142
     128
     150
     143
     170
     177
     186
     250
     279
     311
     403
     443
     511
     554
     632
     705
     776
     811
     882
     903
     896
     920
     862
     807
     778
     650
     573
     535
     482
     423
     368
     308
     242
     191
     175
     171
     144
     130
     139
     108
     121
      97
     115
      96
     109
      96
      96
     115
      79
      96
      99
      99
     103
     106
      97
      80
      96
     109
     110
     100
      96
     107
      95
      91
      96
      89
     109
     100
      99
     107
     100
      93
      75
      94
     118
      99
     102
      81
      96
      98
     113
      93
     108
      94
     113
      94
      99
      97
     113
      96
     105
      97
     133
      84
      77
     105
      93
      89
     105
     107
      97
     107
     112
     103
     103
      90
      77
      92
      97
      95
      87
      90
      86
     105
      81
      98
      85
     112
      97
      87
      97
      89
      94
      82
      94
      99
     102
     107
      92
      91
     107
      87
      93
      97
     107
      72
      97
     104
      99
     108
     113
      91
      99
      92
     109
      94
     106
     112
     128
     106
     111
     106
     122
     121
     118
     126
     132
     132
     108
     111
     124
     102
     122
     108
     126
      97
     118
      91
     105
     113
     116
     110
     113
     135
     105
     137
     128
     120
     129
     144
     134
     143
     140
     144
     131
     117
     126
     147
     118
     114
     127
     103
     109
     111
      88
      87
     101
      71
      88
     100
      68
     111
      75
      85
     104
      89
      96
      90
      84
      94
      88
      85
      96
      94
      83
      77
      90
      88
     103
      71
      76
      84
      80
      86
      85
      97
     108
      90
      90
      91
      79
      90
      74
      84
      97
      80
      75
      83
     102
      90
      87
      68
     105
      75
      77
     104
      77
     109
      74
      73
      91
      84
      72
      81
      86
      82
      74
      88
      92
      81
      86
      69
      88
      78
      79
      75
     102
      89
      93
      77
      94
      83
     121
      99
     103
     111
     128
     101
     118
     131
     118
     150
     151
     153
     137
     154
     159
     142
     137
     141
     132
     141
     139
     154
     125
     118
     115
     115
     132
     138
     120
     125
     140
     132
     123
     126
     122
     129
     121
     127
     109
      94
      92
      93
     102
      90
      88
      94
      99
      84
     108
      87
      90
      96
      83
      99
      97
     101
     103
     106
     117
     126
     110
      94
     132
     104
     112
     118
     115
     113
     123
     121
      99
     111
     102
      91
      86
      93
      89
      91
      79
      82
      86
      84
      69
      74
      84
      92
      93
      77
      77
      72
      69
      78
      82
      76
      72
      73
      79
      83
      81
      70
      91
      68
      62
      79
      87
      60
      76
      78
      76
      77
      78
      82
      84
      84
      92
      84
     102
      79
      75
      81
      87
      73
      79
      81
      84
      78
      86
      84
      78
      76
      72
      83
      81
      81
      93
      82
      86
      67
      71
      83
      73
      73
      89
      91
      78
      73
      94
      72
      72
      80
      95
      87
      90
      97
      76
      69
      95
      71
      97
      96
      81
      86
      78
      82
      76
      79
      81
      88
      72
      82
      94
      71
      60
      77
      72
      92
      81
      82
      99
     100
      88
      78
      79
      88
      91
      75
      74
      87
      81
      76
      77
      77
      85
      94
      65
      80
      85
      85
      75
      63
      81
      69
      77
      76
      83
      82
      89
      84
      77
      65
      77
      72
      72
      82
      76
      90
      85
      79
      66
      60
      87
      79
      68
      85
      91
      77
      69
      82
      66
      71
      76
      87
      93
      72
      85
      73
      85
      70
      79
      68
      82
      87
      79
     117
     107
     130
     139
     155
     216
     250
     328
     403
     486
     601
     690
     810
     997
    1113
    1253
    1392
    1540
    1514
    1546
    1588
    1653
    1565
    1540
    1440
    1308
    1199
    1056
     918
     796
     669
     539
     504
     401
     295
     241
     212
     158
     125
     135
      95
      94
      74
      73
      67
      78
      84
      78
      72
      60
      64
      86
      73
      79
      76
      72
      79
      66
      70
      73
      61
      79
      72
      92
      84
      92
      77
      84
      72
      95
      81
      70
      98
      66
      83
      85
      85
      66
      67
      68
      73
      76
      72
      88
      59
      83
      97
      67
      76
      63
      70
      86
      78
      71
      84
      70
      75
      70
      71
      76
      77
      85
      81
      71
      72
      76
      80
      65
      73
      72
      69
      86
      78
      56
      85
      63
      75
      66
      70
      67
      61
      63
      58
      76
      73
      69
      62
      57
      76
      73
      57
      59
      67
      66
      64
      80
      66
      59
      62
      56
      65
      66
      68
      62
      54
      78
      61
      61
      77
      83
      84
      61
      67
      64
      72
      59
      65
      69
      82
      75
      68
      65
      65
      69
      69
      60
      75
      56
      54
      59
      57
      55
      66
      63
      63
      63
      77
      64
      75
      71
      70
      73
      73
      64
      60
      52
      76
      61
      70
      65
      62
      71
      68
      70
      55
      62
      79
      66
      64
      63
      60
      66
      75
      73
      66
      77
      64
      67
      52
      78
      71
      75
      85
      78
      74
      77
      60
      66
      96
      57
      52
      68
      61
      62
      75
      52
      66
      75
      78
      66
      70
      55
      60
      64
      59
      51
      71
      70
      70
      65
      64
      63
      62
      68
      57
      80
      49
      78
      59
      67
      79
      66
      65
      64
      62
      61
      67
      64
      55
      74
      52
      71
      75
      71
      55
      61
      59
      70
      52
      74
      67
      71
      62
      81
      49
      60
      62
      62
      62
      74
      66
      67
      67
      62
      59
      72
      61
      71
      72
      62
      61
      67
      74
      87
      60
      61
      89
      85
      94
      84
      88
      68
      82
      87
      78
      69
      76
      68
      71
      54
      51
      64
      65
      73
      62
      61
      52
      61
      65
      53
      52
      61
      61
      59
      62
      67
      64
      75
      63
      65
      69
      65
      52
      67
      78
      63
      63
      73
      57
      54
      59
      61
      63
      66
      71
      59
      59
      70
      68
      62
      75
      75
      79
      85
      70
      73
      72
      74
      69
      70
      80
      72
      78
      69
      88
      77
      61
      59
      67
      66
      58
      57
      72
      52
      54
      66
      63
      55
      57
      69
      70
      55
      52
      73
      53
      63
      69
      59
      64
      56
      67
      82
      66
      69
      62
      63
      70
      75
      76
      67
      72
      65
      80
      61
      67
      80
      57
      61
      70
      67
      56
      60
      61
      75
      67
      55
      57
      74
      73
      82
      62
      66
      54
      50
      63
      73
      71
      71
      72
      57
      75
      64
      61
      75
      60
      55
      78
      82
      74
      75
      73
      73
      77
      75
      50
      63
      52
      72
      66
      66
      69
      70
      67
      50
      61
      63
      73
      53
      63
      66
      70
      50
      59
      59
      63
      63
      55
      62
      69
      58
      67
      55
      66
      55
      54
      60
      72
      72
      52
      66
      57
      72
      63
      70
      51
      54
      60
      67
      53
      51
      59
      55
      62
      66
      45
      58
      64
      62
      62
      63
      57
      61
      63
      61
      45
      65
      69
      56
      51
      58
      54
      68
      60
      71
      52
      81
      58
      72
      49
      76
      59
      53
      59
      57
      66
      52
      54
      54
      56
      66
      66
      62
      68
      69
      61
      73
      82
      79
      56
      70
      69
      70
      77
      87
      70
      80
      94
     113
     107
     122
     140
     182
     222
     249
     329
     422
     508
     594
     762
     935
    1106
    1191
    1389
    1639
    1834
    2009
    2141
    2303
    2348
    2525
    2353
    2465
    2284
    2252
    2044
    1844
    1691
    1485
    1326
    1114
     958
     738
     647
     498
     417
     323
     270
     207
     183
     118
     106
      87
      80
      66
      76
      70
      50
      57
      62
      68
      45
      51
      51
      43
      56
      59
      48
      45
      55
      56
      56
      53
      51
      48
      63
      54
      56
      65
      57
      69
      54
      47
      44
      38
      46
      51
      52
      80
      57
      55
      60
      47
      51
      51
      44
      42
      53
      61
      50
      44
      44
      43
      45
      46
      47
      62
      56
      56
      47
      43
      55
      56
      45
      45
      41
      67
      53
      50
      67
      53
      48
      38
      52
      45
      58
      40
      52
      43
      59
      48
      49
      44
      51
      60
      47
      55
      48
      47
      45
      64
      53
      37
      55
      48
      56
      57
      45
      46
      53
      49
      49
      50
      48
      53
      41
      51
      53
      56
      52
      55
      51
      47
      47
      49
      50
      48
      54
      37
      50
      55
      66
      36
      40
      39
      61
      61
      61
      69
      52
      53
      56
      45
      53
      48
      54
      42
      44
      54
      45
      44
      47
      59
      66
      58
      47
      56
      37
      49
      52
      48
      60
      58
      53
      51
      67
      54
      48
      54
      53
      62
      56
      55
      47
      46
      53
      41
      43
      44
      45
      49
      47
      51
      53
      49
      48
      55
      50
      57
      53
      62
      49
      45
      45
      56
      54
      54
      60
      56
      65
      59
      61
      44
      49
      44
      54
      45
      52
      54
      49
      60
      49
      45
      54
      50
      35
      47
      57
      58
      43
      41
      41
      47
      45
      53
      53
      57
      46
      52
      44
      56
      47
      49
      61
      56
      50
      55
      39
      52
      46
      44
      54
      61
      51
      49
      47
      53
      55
      60
      52
      46
      60
      44
      40
      52
      39
      46
      42
      67
      54
      51
      62
      62
      34
      56
      41
      53
      54
      55
      56
      50
      56
      49
      58
      36
      50
      64
      47
      45
      61
      61
      43
      49
      45
      41
      50
      51
      51
      59
      45
      45
      42
      56
      55
      48
      53
      55
      52
      44
      50
      54
      55
      48
      55
      55
      56
      43
      58
      44
      54
      63
      47
      45
      50
      51
      56
      63
      70
      49
      55
      54
      61
      58
      71
      66
      64
      62
      65
      75
      58
      81
      82
      78
      62
      62
      67
      64
      48
      64
      68
      59
      63
      62
      70
      52
      75
      77
      79
      81
      62
      75
      65
      88
      75
      75
      65
      63
      61
      57
      59
      56
      49
      48
      38
      52
      46
      58
      64
      61
      39
      54
      50
      51
      49
      55
      71
      64
      56
      58
      62
      53
      47
      53
      54
      54
      35
      49
      50
      54
      63
      39
      54
      71
      52
      43
      40
      44
      60
      52
      58
      56
      59
      63
      47
      46
      56
      60
      60
      58
      62
      51
      54
      63
      54
      53
      46
      59
      50
      65
      53
      56
      48
      68
      64
      52
      45
      60
      45
      55
      45
      62
      39
      52
      55
      59
      58
      60
      66
      48
      51
      51
      54
      55
      53
      43
      55
      63
      66
      43
      55
      52
      50
      55
      51
      53
      55
      44
      58
      71
      54
      64
      67
      57
      50
      79
      78
      49
      62
      72
      70
      76
      61
      73
      76
      71
      66
      64
      80
      59
      87
      70
      74
      61
      69
      65
      62
      61
      55
      59
      68
      53
      42
      60
      54
      47
      50
      61
      45
      59
      72
      51
      66
      60
      76
      61
      56
      54
      64
      68
      75
      51
      69
      84
      77
      70
      65
      75
      78
      65
      46
      56
      47
      55
      62
      61
      60
      52
      64
      63
      61
      75
      50
      67
      55
      52
      46
      68
      47
      50
      46
      50
      58
      67
      77
      53
      54
      51
      48
      63
      48
      51
      60
      47
      58
      57
      60
      48
      61
      51
      51
      50
      61
      61
      60
      48
      47
      46
      77
      49
      56
      55
      49
      50
      53
      68
      55
      55
      56
      61
      53
      57
      63
      60
      45
      56
      52
      53
      73
      57
      54
      57
      63
      56
      49
      56
      73
      48
      66
      47
      61
      54
      67
      61
      52
      56
      73
      56
      63
      61
      55
      46
      44
      59
      51
      58
      47
      49
      47
      40
      50
      52
      43
      55
      61
      53
      59
      51
      49
      61
      58
      75
      55
      51
      49
      63
      52
      55
      69
      40
      55
      54
      44
      41
      66
      53
      44
      54
      41
      57
      49
      48
      50
      48
      56
      63
      57
      56
      58
      64
      62
      55
      45
      51
      55
      54
      49
      53
      57
      49
      51
      59
      56
      60
      56
      42
      51
      51
      53
      56
      42
      51
      50
      65
      55
      58
      45
      54
      67
      56
      57
      61
      46
      68
      50
      58
      56
      48
      50
      49
      52
      58
      64
      50
      60
      57
      60
      44
      51
      46
      54
      39
      59
      45
      51
      53
      57
      58
      54
      51
      51
      56
      58
      63
      50
      44
      43
      54
      57
      53
      65
      55
      49
      43
      45
      63
      49
      49
      56
      49
      42
      57
      54
      48
      43
      39
      44
      53
      41
      45
      42
      44
      56
      52
      45
      61
      46
      41
      52
      43
      38
      40
      44
      47
      42
      43
      50
      49
      46
      47
      45
      52
      40
      39
      45
      44
      36
      37
      41
      39
      33
      37
      44
      38
      30
      38
      46
      44
      38
      42
      51
      44
      36
      40
      31
      47
      36
      42
      36
      42
      46
      40
      39
      47
      46
      36
      55
      45
      35
      38
      41
      42
      47
      33
      26
      37
      38
      38
      38
      28
      36
      44
      49
      37
      38
      29
      37
      49
      32
      42
      46
      45
      32
      51
      39
      48
      38
      52
      40
      42
      39
      42
      43
      38
      40
      34
      36
      42
      28
      30
      38
      48
      52
      36
      37
      37
      28
      57
      29
      43
      36
      41
      41
      42
      46
      45
      27
      44
      47
      37
      48
      40
      37
      33
      35
      35
      43
      32
      35
      33
      37
      43
      41
      36
      38
      28
      33
      38
      38
      38
      40
      35
      39
      32
      41
      44
      32
      36
      35
      29
      41
      46
      31
      40
      37
      46
      41
      38
      38
      31
      30
      28
      35
      37
      48
      34
      32
      36
      41
      36
      36
      40
      28
      38
      36
      35
      41
      27
      40
      37
      36
      37
      34
      34
      33
      26
      46
      30
      45
      42
      40
      36
      33
      36
      34
      38
      39
      43
      38
      31
      39
      36
      40
      31
      42
      43
      33
      39
      47
      18
      26
      33
      25
      47
      31
      36
      57
      33
      43
      34
      40
      33
      43
      38
      44
      36
      35
      41
      39
      41
      46
      36
      49
      43
      48
      50
      35
      56
      41
      44
      41
      44
      49
      49
      34
      44
      23
      48
      41
      28
      35
      39
      35
      39
      38
      40
      36
      28
      27
      34
      34
      29
      29
      39
      42
      30
      30
      43
      47
      41
      52
      43
      35
      28
      26
      38
      29
      37
      34
      33
      35
      21
      22
      34
      33
      33
      35
      30
      33
      30
      39
      38
      36
      26
      22
      34
      44
      29
      42
      41
      35
      38
      40
      46
      54
      47
      37
      25
      52
      32
      39
      35
      35
      44
      40
      32
      42
      43
      36
      38
      37
      34
      29
      26
      42
      31
      31
      29
      36
      40
      45
      30
      29
      36
      34
      29
      33
      29
      42
      37
      49
      33
      36
      42
      24
      40
      35
      32
      33
      31
      28
      28
      41
      44
      25
      42
      35
      26
      35
      33
      43
      33
      30
      26
      34
      35
      34
      28
      43
      39
      31
      39
      39
      38
      32
      36
      37
      39
      48
      32
      41
      34
      41
      42
      25
      37
      37
      34
      30
      19
      30
      32
      38
      38
      42
      31
      32
      21
      31
      29
      30
      38
      38
      42
      36
      32
      28
      32
      34
      30
      33
      39
      31
      36
      25
      27
      36
      36
      40
      37
      40
      30
      39
      45
      34
      35
      37
      39
      36
      29
      32
      34
      27
      26
      22
      38
      31
      28
      25
      30
      26
      37
      35
      31
      23
      34
      30
      30
      21
      27
      21
      29
      40
      24
      34
      43
      29
      26
      26
      31
      36
      28
      27
      27
      35
      37
      28
      36
      35
      28
      42
      39
      25
      31
      31
      36
      54
      42
      49
      41
      42
      42
      49
      41
      46
      27
      36
      43
      42
      41
      30
      35
      44
      31
      38
      36
      37
      33
      30
      26
      29
      28
      34
      29
      35
      30
      26
      20
      28
      30
      22
      26
      34
      29
      27
      25
      36
      27
      29
      20
      24
      37
      31
      24
      33
      32
      19
      30
      35
      32
      33
      29
      34
      24
      36
      42
      29
      36
      40
      38
      35
      44
      32
      32
      37
      42
      36
      43
      48
      48
      45
      43
      53
      47
      42
      55
      44
      36
      42
      31
      34
      41
      40
      34
      36
      27
      35
      27
      26
      26
      27
      32
      31
      34
      29
      19
      26
      24
      28
      33
      28
      29
      28
      28
      29
      22
      20
      23
      24
      29
      22
      23
      26
      23
      29
      25
      28
      27
      25
      18
      31
      24
      26
      37
      29
      32
      39
      29
      25
      39
      26
      23
      28
      26
      34
      22
      24
      28
      24
      32
      20
      31
      21
      32
      19
      22
      27
      15
      25
      25
      33
      23
      24
      24
      31
      28
      29
      30
      29
      25
      31
      25
      19
      13
      33
      25
      37
      30
      24
      29
      32
      34
      27
      35
      32
      19
      26
      19
      11
      23
      40
      16
      20
      29
      35
      23
      26
      25
      30
      14
      28
      30
      21
      21
      31
      24
      23
      29
      32
      29
      29
      26
      28
      35
      23
      23
      20
      22
      26
      23
      28
      23
      18
      32
      26
      34
      32
      18
      24
      22
      25
      18
      12
      36
      26
      34
      27
      21
      24
      29
      30
      21
      17
      21
      20
      26
      20
      31
      29
      32
      32
      21
      27
      29
      28
      35
      18
      19
      28
      33
      23
      26
      25
      39
      23
      24
      22
      26
      22
      28
      26
      24
      31
      20
      22
      28
      29
      33
      29
      22
      31
      24
      23
      23
      33
      19
      25
      25
      28
      29
      31
      25
      36
      43
      39
      39
      44
      21
      29
      28
      37
      38
      28
      23
      28
      40
      41
      28
      32
      39
      28
      38
      30
      22
      46
      28
      26
      26
      24
      25
      26
      31
      33
      25
      24
      25
      23
      36
      25
      30
      28
      22
      27
      27
      27
      36
      30
      26
      27
      35
      28
      21
      31
      23
      28
      17
      23
      26
      20
      27
      21
      21
      24
      27
      28
      24
      18
      30
      23
      27
      25
      22
      27
      32
      18
      29
      14
      17
      25
      27
      19
      21
      23
      15
      20
      21
      19
      30
      23
      30
      23
      25
      24
      29
      21
      14
      21
      35
      31
      27
      21
      29
      24
      27
      17
      20
      28
      21
      32
      26
      18
      21
      36
      20
      23
      21
      18
      26
      27
      13
      22
      26
      24
      21
      23
      20
      24
      25
      25
      24
      23
      33
      25
      25
      22
      21
      22
      28
      25
      22
      14
      32
      28
      24
      24
      21
      25
      33
      29
      19
      25
      22
      24
      24
      29
      13
      19
      21
      32
      14
      27
      27
      20
      28
      21
      18
      17
      32
      34
      31
      31
      28
      28
      21
      27
      21
      28
      21
      27
      21
      32
      24
      35
      26
      31
      16
      27
      31
      20
      26
      21
      23
      26
      31
      26
      26
      28
      24
      20
      25
      22
      25
      22
      19
      22
      25
      18
      21
      16
      27
      21
      28
      29
      31
      22
      21
      26
      24
      28
      23
      31
      24
      17
      26
      30
      37
      36
      27
      34
      27
      30
      28
      21
      23
      37
      29
      27
      34
      26
      33
      27
      33
      36
      32
      41
      25
      36
      25
      30
      24
      25
      23
      29
      26
      22
      22
      29
      27
      21
      24
      20
      19
      20
      29
      31
      18
      28
      19
      30
      35
      29
      28
      23
      28
      30
      21
      33
      18
      21
      19
      17
      23
      22
      22
      24
      20
      21
      26
      19
      20
      29
      21
      22
      25
      23
      35
      17
      21
      19
      34
      26
      22
      21
      24
      26
      21
      30
      14
      22
      28
      27
      16
      26
      27
      17
      17
      19
      18
      16
      20
      23
      27
      23
      20
      32
      24
      34
      23
      20
      23
      29
      21
      25
      27
      40
      27
      23
      23
      24
      25
      27
      30
      28
      24
      26
      32
      18
      25
      29
      29
      22
      32
      25
      22
      20
      26
      28
      23
      26
      22
      27
      27
      27
      18
      26
      34
      25
      26
      19
      26
      26
      23
      29
      23
      22
      19
      25
      27
      23
      32
      24
      18
      33
      26
      27
      26
      26
      29
      31
      20
      18
      18
      27
      19
      28
      25
      34
      18
      25
      22
      18
      18
      21
      19
      19
      22
      18
      28
      23
      26
      26
      12
      26
      27
      24
      22
      22
      19
      23
      31
      13
       9
      22
      15
      19
      24
      21
      22
      23
      24
      24
      25
      21
      15
      27
      25
      13
      20
      19
      26
      26
      21
      21
      23
      25
      22
      19
      26
      24
      27
      30
      23
      26
      16
      23
      24
      30
      18
      27
      21
      17
      18
      22
      26
      34
      25
      21
      24
      25
      25
      26
      21
      22
      19
      23
      17
      23
      30
      25
      19
      19
      25
      19
      26
      26
      21
      24
      22
      21
      21
      31
      14
      36
      20
      28
      20
      28
      26
      23
      27
      25
      29
      36
      23
      19
      23
      24
      19
      23
      27
      21
      21
      30
      22
      23
      28
      26
      27
      28
      16
      18
      25
      23
      27
      18
      24
      17
      14
      23
      20
      12
      17
      23
      23
      22
      22
      23
      21
      22
      19
      21
      26
      28
      30
      24
      24
      25
      20
      27
      23
      31
      25
      19
      21
      24
      20
      30
      34
      19
      27
      22
      23
      17
      21
      22
      18
      17
      25
      23
      27
      27
      20
      34
      22
      15
      28
      20
      19
      25
      21
      25
      16
      22
      23
      26
      27
      27
      15
      16
      23
      25
      21
      25
      26
      24
      27
      27
      17
      25
      20
      17
      24
      17
      29
      20
      20
      31
      21
      30
      21
      15
      26
      27
      22
      26
      25
      22
      21
      21
      26
      28
      23
      22
      20
      22
      31
      23
      22
      20
      22
      19
      18
      20
      23
      20
      21
      26
      23
      13
      26
      20
      13
      31
      20
      23
      16
      31
      21
      32
      22
      21
      18
      19
      28
      20
      19
      26
      21
      19
      26
      24
      20
      16
      25
      23
      32
      31
      17
      30
      19
      23
      19
      24
      16
      30
      20
      19
      22
      19
      21
      25
      25
      30
      26
      24
      26
      34
      33
      30
      32
      36
      25
      25
      36
      35
      30
      30
      33
      24
      29
      27
      30
      27
      17
      30
      28
      24
      11
      27
      25
      28
      29
      18
      29
      19
      23
      19
      18
      23
      17
      23
      24
      25
      24
      18
      24
      18
      18
      20
      21
      28
      12
      24
      25
      21
      25
      26
      26
      23
      24
      24
      11
      11
      25
      26
      25
      20
      21
      32
      21
      24
      26
      20
      18
      14
      20
      29
      31
      14
      28
      28
      24
      19
      17
      21
      23
      17
      18
      17
      20
      20
      17
      16
      25
      22
      21
      16
      24
      20
      28
      23
      21
      18
      18
      16
      23
      22
      28
      20
      21
      20
      20
      14
      28
      19
      22
      23
      21
      20
      26
      13
      15
      20
      15
      20
      12
      14
      23
      26
      19
      20
      23
      20
      22
      22
      18
       8
      28
      15
      18
      23
      15
      19
      21
      23
      22
      25
      18
      14
      19
      22
      21
      17
      21
      23
      22
      20
      24
      13
      13
      16
      23
      14
      28
      27
      17
      18
      20
      15
      23
      24
      20
      22
      14
      19
      19
      22
      27
      24
      24
      13
      22
      18
      18
      20
      28
      24
      17
      16
      18
      19
      24
      30
      17
      26
      28
      17
      16
      21
      25
      17
      19
      18
      24
      17
      21
      20
      18
      26
      22
      28
      16
      25
      21
       9
      15
      28
      18
      21
      19
      10
      21
      20
      32
      24
      17
      20
      23
      15
      14
      20
      22
      17
      20
      26
      20
      26
      25
      24
      24
      22
      26
      29
      29
      25
      24
      19
      15
      24
      18
      26
      24
      27
      31
      26
      30
      26
      35
      28
      37
      31
      41
      36
      36
      43
      40
      44
      62
      55
      68
      73
     103
     113
     121
     151
     164
     209
     217
     263
     288
     375
     412
     523
     616
     670
     724
     796
     851
     961
     997
    1084
    1164
    1147
    1225
    1259
    1239
    1198
    1241
    1119
    1093
    1077
     953
     862
     788
     731
     607
     589
     496
     435
     310
     291
     232
     206
     157
     155
     117
      75
      86
      56
      44
      39
      42
      29
      25
      20
      23
      21
      25
      17
      16
      22
      22
      15
      19
      20
      17
      19
      24
      18
      12
      12
      11
      18
      18
      22
      29
      11
      21
      30
      16
      20
      29
      27
      28
      16
      23
      18
      10
      18
      19
      25
      16
      23
      23
      34
      30
      15
      13
      20
      20
      15
      22
      15
      17
      23
      25
      18
      14
      21
      19
      15
      20
      21
      17
      21
      15
      11
      17
      14
      16
      11
      12
      19
      16
      23
      13
      16
      13
      19
      12
      19
      15
      21
      20
      18
      17
      19
      15
      21
      23
      19
      14
      20
      16
      16
      15
       4
      17
      22
      23
       9
      23
      16
      18
      22
      16
      11
      16
      16
      22
      13
      15
      13
      14
      16
      17
      19
      13
      22
      13
      13
      15
      16
      19
      16
      14
      23
      16
      21
      19
      14
      12
      17
      10
      19
      13
       8
      12
      16
      11
      21
      17
      23
      17
      22
      19
      13
      22
      17
      11
       8
      17
      16
      25
      18
      19
      20
      24
       7
      18
      16
      13
      17
      19
      23
      16
      10
      15
      18
      17
      16
      17
      13
      20
      19
      18
      19
      10
      13
      19
      11
      11
      16
      18
      18
      16
      19
      10
      15
       9
      20
       7
      23
      27
      23
      22
      18
      22
      19
      25
      20
      17
      17
      19
      17
      17
      16
      24
      31
      19
      24
      20
      12
      24
      16
      24
      18
      17
      22
      16
      11
      20
      19
      20
      20
      17
      15
      18
      15
      26
      16
      16
      18
      16
      16
      11
      17
      12
      14
      21
      17
      19
      18
      16
      16
      17
      13
      19
      27
      17
      15
      27
      18
      14
      15
      12
      12
      22
      21
      15
      21
       9
      29
      20
      18
      19
      20
      23
      24
      23
      18
      15
      17
      14
      16
      20
      23
      19
      17
      25
      20
      18
      20
      12
      19
      20
      11
      16
      18
      18
      10
      14
      13
      17
      14
      15
      14
      17
      10
       9
      14
       9
      13
      12
      21
      19
      25
      17
      13
      10
      18
      12
      15
      17
      24
      15
      20
      11
      18
      11
      11
      24
      14
      15
      17
      15
      27
      22
      25
      23
      12
      17
      22
      17
      28
      17
      18
      12
      16
      20
      19
      13
      16
      19
      14
      18
      15
      17
      15
      21
      20
      22
      11
      22
      15
      16
      11
      20
      25
      20
      12
      16
      14
      26
      15
      21
      12
      12
      21
      13
      16
      15
      27
      22
      18
      12
      15
      19
      10
      13
      25
       9
      18
      13
      19
      13
      19
      14
      14
      17
      21
      23
      17
      16
      20
      14
      13
      16
      16
      20
      24
      16
      14
      18
      15
      30
      24
      14
      13
      16
      11
      15
      16
      21
      24
      14
      18
      18
      16
      15
      14
      20
      11
       9
      18
      11
      12
      11
      22
      21
      16
      20
      12
      16
      21
      21
      16
      19
      14
      16
      17
      30
      18
      14
      12
      16
      12
      13
      15
      24
      15
      18
      18
      21
      17
      20
      19
      26
      10
      23
      17
      15
      16
      22
      13
      15
      20
      18
      12
      25
      26
      15
      18
      25
      12
      15
      11
      18
      14
      15
      18
      18
      25
      22
      20
      14
      17
      14
      20
      14
      24
      19
      22
      15
      15
      15
      21
      15
      20
      18
      29
      33
      22
      29
      21
      33
      27
      33
      31
      43
      30
      32
      59
      45
      39
      47
      52
      40
      54
      44
      39
      46
      46
      60
      47
      38
      42
      43
      44
      34
      28
      32
      24
      27
      30
      23
      26
      13
      17
      15
      26
      18
      10
      21
      13
      11
      20
      18
      19
      16
      15
      15
      15
      12
      24
      14
      15
      12
      18
      23
      16
      23
      14
       9
      10
      21
      11
      11
      13
       8
      13
      22
      20
      19
      17
      16
      16
      15
      10
      20
      10
      11
      22
      21
      23
      21
      18
      11
      22
      12
      16
      12
      14
      26
      11
      10
      20
      17
      14
      14
      21
      13
      16
      18
      21
      18
      17
      19
       9
      15
      12
      10
      12
      16
      18
      14
      16
      18
      10
      19
      14
      17
      12
      13
      16
      11
      15
      14
      16
      14
      14
      19
      12
      16
      21
      19
      14
      15
      15
      16
      14
      17
      13
      20
      11
      14
      17
      20
      19
      14
      18
      20
      17
      24
      16
      21
      14
      19
      18
      12
      18
      17
      20
      16
      11
      18
      15
      16
      13
      13
      20
      19
      13
      14
      13
      12
      20
      20
      20
      19
      14
      22
      20
      13
      18
      25
      13
      18
      23
      17
      14
      16
      13
      24
      23
      14
      16
      18
      11
      20
       9
      23
      14
      20
      15
      15
      18
      19
      11
      10
      15
      18
      20
      24
      19
      17
      15
      11
      12
      18
      17
      14
      13
      17
      14
      19
      16
      12
      18
      23
       9
      15
      17
      14
      14
      14
      18
       7
      19
      12
      19
      19
      10
      10
      21
      15
      21
      18
       9
      20
      24
      16
      13
      18
      13
      16
      15
      18
      17
      18
      12
      14
      23
      22
      17
      17
      14
      10
      16
      10
      19
      11
      15
      17
      18
      11
      13
      16
      12
      22
      12
      14
      25
      14
      21
      17
      13
      22
      13
      15
      11
       8
      21
      11
      19
      14
      21
      13
      11
      16
      14
      15
      17
      18
       9
      19
      12
      19
      16
      10
      19
      11
      14
      14
      10
      16
      18
      16
      12
      18
      15
      18
      23
      16
      18
      10
      18
      15
      19
      19
      14
      15
      10
      15
      16
      15
      20
       8
      13
      13
      14
      13
      17
      16
      10
      15
      15
      24
      18
      17
      18
      12
       9
      18
      14
      12
      11
      17
      12
      15
      20
      15
      11
      19
      18
      22
      15
      13
      11
      14
      26
      18
      12
      17
      15
      20
      22
      24
      26
      21
      25
      27
      19
      28
      19
      28
      21
      25
      22
      25
      25
      28
      19
      31
      16
      15
      25
      28
      23
      15
      17
      16
      14
      20
      19
      10
      18
      16
      18
      19
      24
      18
      10
      20
      20
      19
      13
      16
      16
      13
      18
      18
      16
      13
      13
      21
      11
      15
      21
      21
      19
      11
      19
      16
      12
      14
      13
      11
      17
      19
      16
      15
      20
      15
      17
      16
      18
      16
      13
      15
      19
      16
      22
      14
      13
      13
      15
      24
       9
      18
      19
      17
      19
      16
      11
      18
      11
      17
      19
      19
      15
      15
      17
      15
      12
      15
      22
      14
      16
      12
      18
       9
      19
      17
      10
      18
      17
      16
      17
      17
      14
      17
      17
      26
      17
      14
      15
      15
      13
      22
      13
      19
      12
      20
      21
      15
      17
      12
      14
      16
      19
      19
      16
      16
      21
      11
      19
      21
      15
      16
      21
      14
      16
      17
      11
      10
      17
      16
      16
      17
      14
      14
      15
      16
      21
      17
      25
      19
      22
      19
      19
      17
      29
      25
      35
      24
      22
      20
      23
      25
      28
      21
      14
      18
      17
      23
      17
      19
      17
      28
      19
      19
      16
      18
      18
      14
      16
      21
      12
      16
      16
      17
      16
      17
      19
      10
      13
      17
      19
      15
      17
      12
      16
      16
      19
      18
      14
      15
      12
      17
      11
      18
      18
      17
      19
      14
      17
      19
      10
      10
      25
      18
      14
      15
       7
      14
      11
      13
      16
      12
      15
      11
      10
      14
      12
      12
      20
      15
      12
      14
      15
      18
      15
      17
      12
      19
      12
      16
      16
      20
      18
      18
      19
      17
      19
      15
      18
      12
      15
      15
      25
      13
      21
      15
      19
      13
      18
      11
      12
      18
      19
      14
      16
      15
      11
      17
      17
      17
      22
      13
      16
      13
      14
      15
      17
      21
      20
      18
      15
      13
      16
      17
      14
      14
      15
      18
      13
      11
      12
      18
      19
      11
      12
      15
      17
      17
      15
      15
      13
      16
      17
      15
      15
      14
      17
      11
      14
      23
      12
      13
      19
      13
      23
      14
      17
      12
       8
      16
      11
      15
      19
      11
      13
      18
      19
      14
      14
       7
      16
      25
      14
       9
      12
      18
      15
       7
      14
      19
      12
      20
      16
      15
      16
      19
      15
      15
      18
      20
      20
      19
      20
      13
      14
      18
      11
      18
      21
      27
      18
      20
      21
      30
      17
      30
      16
      23
      20
      22
      20
      27
      21
      24
      29
      34
      28
      21
      19
      18
      25
      23
      20
      28
      20
      25
      22
      26
      20
      25
      18
      19
      16
      15
      18
      23
      24
      15
      13
      20
      12
      15
      20
      17
      22
      15
      18
      18
      16
      12
      13
      19
      22
      17
      22
      22
      12
      16
      11
      17
      19
      12
      13
      14
      17
      19
      11
      10
      23
       8
      17
      11
      12
      11
      13
      11
      20
      24
      14
      17
      16
       9
      21
      23
      19
      17
      13
      15
       5
      11
      14
       9
      19
      14
      19
      11
      26
      15
      17
      14
      13
       6
      13
      15
      19
      14
      12
      13
      12
      20
       9
      26
      12
      20
      12
      25
      12
      24
      12
      10
      13
      22
      15
      18
      10
      23
      19
      18
      18
      16
      15
      17
      14
      11
      18
      20
      10
      11
      14
      13
      13
      16
      11
      11
      18
      13
      14
      16
      15
      10
      12
      11
      10
      18
      19
      14
      17
      16
      17
       9
      16
      13
      15
      14
      14
       7
      19
       7
      21
       8
      18
      11
      18
      17
      12
      10
      10
      17
      22
      17
      14
      13
      11
      17
      19
      18
      13
      11
      16
      18
      15
      16
      22
       9
      18
      13
      14
      18
      22
      22
      13
      16
      11
      15
      15
      18
       9
      16
      12
      11
      14
      13
      15
      24
      19
      14
      20
      17
      13
      18
      10
      25
      15
      22
      23
      22
      20
      19
      10
      17
      16
      26
      20
      21
      21
      22
      21
      28
      18
      19
      23
      35
      30
      27
      34
      36
      41
      41
      41
      34
      57
      55
      64
      54
      54
      57
      68
      74
      85
     102
     103
     104
     104
     106
      93
     103
     136
      96
     125
     109
      98
     114
     106
      99
      91
      94
      75
      77
      72
      49
      63
      60
      31
      44
      34
      34
      24
      33
      27
      13
      10
      27
      24
      16
      17
      10
      21
      19
      14
      15
      17
      12
      17
      20
      21
      11
      13
      11
      16
       9
      22
      10
      18
       9
      13
      16
      14
      15
      20
      10
      11
      15
      17
      16
      10
      17
      13
      19
      18
      16
      14
      12
      10
      13
      11
      12
       7
      15
      16
      10
      14
      20
      14
      11
      20
      14
      19
      19
      14
      13
      13
      12
      14
      17
      11
      10
      13
      11
      20
      13
       9
      15
      13
       9
      14
      17
      22
       9
      17
      16
      12
      16
      19
      15
      15
      11
      10
      13
      13
      23
      15
      14
      12
      15
      12
      13
      13
      13
      11
      21
      17
      18
      13
      15
      12
      11
      15
      19
      17
      20
      18
      16
      16
      14
      18
      12
      19
      14
       6
      13
      19
      19
      14
      21
      17
      18
      18
      23
      17
      24
      26
      19
      32
      30
      31
      28
      33
      25
      21
      30
      29
      20
      35
      39
      39
      43
      39
      37
      40
      24
      31
      27
      37
      42
      35
      30
      21
      33
      24
      26
      26
      22
      23
      24
      15
      24
      11
      19
      17
      11
      20
       9
      19
      21
      17
      10
       9
      12
      13
      10
      13
      14
      23
       6
      14
       9
      17
      15
      18
       9
      15
      16
      14
      12
      12
      23
      20
      11
      11
      11
       6
      12
      20
      16
      12
      13
      16
      11
      20
      18
      11
      20
      16
      16
      17
      15
      14
      19
      15
      21
      10
      15
      23
      14
      13
       9
      15
      14
      14
      17
      14
       9
      11
      16
      10
      13
      11
      20
      12
      16
      14
      18
      23
      16
      15
      18
      11
       9
      13
      17
      26
      14
      19
      16
      15
      15
      16
      12
      14
      13
      20
      14
      20
      14
      15
      16
      18
      14
      10
       7
      12
      23
      20
      12
       9
       9
      22
      15
      12
      13
      18
      12
      16
      13
      10
      16
      10
      16
      10
       9
      19
      14
      14
      21
      13
      14
      10
      13
      22
       7
      16
      15
      14
      18
      12
      11
      18
      13
      14
      24
      14
       5
      13
      17
      17
      18
      12
      16
      12
      15
      19
      15
      29
      11
      14
      22
      28
      24
      23
      23
      23
      18
      25
      21
      18
      32
      34
      33
      42
      29
      32
      32
      25
      34
      41
      35
      36
      26
      35
      27
      34
      27
      25
      21
      27
      29
      24
      22
      25
      16
      25
      14
      19
      10
       9
      15
      18
      25
      16
      17
      13
      18
      12
      10
      15
      14
      12
      17
      11
      12
      16
      14
      14
      13
      17
      15
      13
      11
      11
      14
      11
      13
      21
      14
      18
      12
      16
      19
      11
      11
      15
      15
      14
      21
      15
      14
      16
      15
      16
       8
      17
      11
      11
      14
      16
      16
      16
      17
       7
      12
      14
      16
       9
      21
      13
       9
      15
      15
      15
      15
      14
      18
      10
      11
      13
      16
      16
      17
      15
      16
      12
      13
      16
      12
      12
      15
      11
      20
      14
       9
      12
      21
      12
      12
      11
      16
      13
      21
      15
      11
      11
      15
      11
      18
      16
      14
       9
      12
      18
      12
      12
      15
      20
      10
      14
      15
      16
      16
      19
      15
      20
      21
      13
      22
      18
      14
      15
      25
      17
      22
      17
      14
      18
      22
      21
      19
       8
      16
      17
      21
      19
      17
      17
      14
      18
      18
      18
      17
      11
      20
      14
      15
      15
      17
      15
      15
      16
      12
      27
      14
      22
      13
      25
      16
      20
      15
      20
      23
      15
      16
      15
      16
      18
      18
     188
     377
     330
     353
     364
     339
     356
     366
     358
     339
     326
     348
     370
     367
     343
     328
     329
     331
     340
     367
     342
     350
     331
     387
     338
     337
     343
     347
     349
     349
     328
     343
     301
     328
     333
     320
     354
     329
     335
     335
     336
     325
     344
     348
     320
     322
     328
     327
     335
     310
     344
     319
     360
     337
     355
     347
     351
     351
     367
     344
     368
     349
     367
     373
     323
     329
     299
     337
     348
     346
     324
     334
     320
     334
     362
     327
     367
     337
     323
     311
     338
     358
     323
     333
     343
     308
     364
     326
     263
     350
     358
     327
     348
     332
     327
     313
     351
     355
     355
     389
     320
     353
     317
     319
     277
     390
     319
     338
     333
     350
     320
     327
     317
     312
     332
     338
     349
     329
     333
     346
     365
     350
     297
     332
     347
     319
     353
     337
     316
     306
     323
     328
     313
     301
     337
     328
     365
     312
     338
     348
     293
     336
     345
     326
     308
     323
     347
     323
     315
     305
     330
     341
     334
     332
     300
     291
     283
     334
     287
     332
     290
     318
     301
     327
     306
     331
     321
     314
     317
     336
     314
     325
     289
     321
     300
     338
     344
     320
     331
     315
     348
     340
     298
     333
     164
$ROI:
0
$PRESETS:
None
0
0
$ENER_FIT:
0.000000 0.000000
$MCA_CAL:
3
0.000000E+000 0.000000E+000 0.000000E+000 
$SHAPE_CAL:
3
0.000000E+000 0.000000E+000 0.000000E+000
