$SPEC_ID:
No sample description was entered.
$SPEC_REM:
DET# 1
DETDESC# PHYSPRAK2 926
AP# Maestro Version 7.01
$DATE_MEA:
10/21/2024 14:02:34
$MEAS_TIM:
78108 78545
$DATA:
0 8191
       0
       0
       0
       0
       0
       0
       0
       0
       1
       0
       0
       0
       0
       0
       0
       0
       0
       0
       0
       0
       0
       0
       0
       0
       0
       0
       0
       0
       0
       0
       0
       0
       0
       0
       0
       0
       0
       0
       0
       0
       0
       0
       0
       0
       0
       0
       0
       0
       0
       2
       6
      20
      45
      82
     136
     199
     277
     329
     341
     382
     382
     394
     369
     433
     477
     414
     423
     423
     443
     376
     387
     418
     389
     415
     418
     393
     364
     375
     392
     380
     389
     380
     372
     372
     337
     365
     318
     297
     311
     280
     294
     243
     257
     256
     235
     241
     230
     232
     200
     215
     208
     195
     213
     219
     229
     210
     209
     202
     173
     172
     168
     171
     157
     162
     172
     153
     139
     145
     129
     133
     136
     142
     138
     123
     132
     133
     126
     123
     128
     122
     130
     111
     112
      99
     103
     106
     117
     102
     108
      99
     109
      95
     100
     112
     103
      99
     100
      91
     101
     125
      99
      95
      91
      98
      87
      94
      95
      90
      95
      94
      95
      70
      96
      90
      94
      95
      87
      86
      84
      84
      73
      78
      91
      83
      85
      82
      84
      89
      90
      86
      77
      90
      88
      77
      94
     105
      76
      88
      72
      72
      67
      63
      75
      77
      85
      86
      84
      88
      68
      55
      86
      83
      76
      86
      77
      65
      71
      80
      70
      81
      61
      83
      77
      81
      68
      79
      72
      85
      79
      53
      88
      79
      74
      69
      59
      83
      69
      68
      55
      76
      70
      71
      73
      78
      65
      76
      68
      68
      69
      68
      66
      62
      64
      72
      73
      66
      63
      76
      61
      79
      68
      65
      84
      59
      53
      56
      50
      67
      60
      80
      69
      68
      64
      80
      54
      57
      55
      79
      52
      74
      74
      58
      78
      58
      81
      46
      57
      66
      68
      79
      76
      69
      53
      72
      64
      60
      63
      60
      56
      66
      67
      62
      58
      46
      65
      54
      52
      62
      55
      68
      61
      72
      60
      55
      57
      56
      51
      57
      66
      51
      54
      49
      51
      57
      59
      60
      57
      64
      39
      60
      46
      59
      66
      61
      54
      59
      52
      66
      55
      66
      59
      70
      59
      62
      62
      63
      50
      74
      49
      53
      53
      60
      49
      46
      58
      65
      48
      57
      53
      52
      68
      62
      68
      54
      53
      46
      59
      63
      68
      62
      47
      49
      54
      65
      56
      61
      57
      56
      70
      42
      57
      68
      56
      54
      62
      61
      58
      50
      56
      50
      48
      61
      64
      55
      53
      64
      52
      48
      51
      55
      53
      56
      57
      49
      63
      55
      49
      44
      49
      38
      48
      49
      51
      56
      51
      59
      60
      44
      54
      46
      60
      57
      49
      51
      56
      57
      43
      53
      51
      42
      44
      39
      47
      60
      46
      54
      66
      53
      62
      48
      44
      55
      44
      50
      53
      39
      58
      45
      55
      59
      56
      51
      61
      70
      57
      56
      55
      53
      50
      56
      39
      56
      53
      38
      58
      62
      51
      58
      55
      53
      45
      63
      52
      51
      53
      44
      63
      49
      44
      53
      47
      38
      56
      44
      37
      54
      49
      53
      53
      60
      50
      57
      45
      57
      59
      50
      45
      40
      51
      57
      60
      48
      48
      42
      68
      40
      41
      46
      50
      39
      54
      50
      58
      42
      39
      42
      50
      40
      50
      57
      43
      39
      47
      53
      47
      40
      39
      38
      47
      50
      50
      51
      59
      33
      50
      47
      49
      40
      43
      46
      53
      40
      42
      39
      48
      42
      56
      40
      60
      51
      42
      54
      57
      42
      40
      47
      48
      47
      59
      54
      53
      50
      55
      58
      47
      47
      47
      56
      50
      60
      58
      52
      62
      37
      38
      44
      45
      58
      57
      48
      52
      45
      41
      36
      41
      39
      60
      48
      47
      55
      53
      42
      44
      51
      61
      65
      59
      47
      42
      51
      50
      46
      46
      48
      37
      55
      46
      41
      55
      51
      53
      53
      48
      37
      46
      36
      54
      55
      60
      57
      54
      51
      48
      58
      61
      51
      44
      52
      51
      68
      63
      42
      57
      65
      59
      60
      60
      63
      55
      60
      60
      52
      69
      49
      56
      53
      56
      45
      46
      47
      48
      58
      43
      59
      54
      50
      61
      44
      46
      49
      49
      55
      53
      56
      50
      52
      56
      54
      52
      42
      62
      54
      57
      53
      49
      61
      64
      55
      44
      54
      57
      50
      65
      61
      43
      51
      54
      44
      47
      52
      56
      61
      67
      45
      48
      49
      52
      52
      48
      54
      47
      49
      54
      54
      54
      66
      66
      58
      67
      65
      41
      56
      71
      52
      72
      55
      61
      61
      77
      72
      73
      78
      79
      74
      97
      78
      78
      73
      80
      87
      85
      91
      75
      73
      70
      72
      77
      81
      84
      85
      98
     119
      99
      91
      95
     111
     115
     106
     105
      98
      81
      81
      80
      81
      74
      82
      62
      62
      63
      59
      64
      59
      59
      62
      62
      57
      50
      66
      52
      54
      75
      57
      53
      54
      62
      73
      53
      51
      62
      58
      58
      58
      65
      52
      66
      55
      43
      53
      53
      63
      57
      70
      73
      56
      47
      60
      58
      59
      61
      59
      52
      52
      62
      60
      59
      70
      58
      57
      68
      54
      49
      53
      57
      56
      51
      46
      52
      61
      53
      60
      51
      67
      63
      53
      72
      54
      56
      77
      66
      63
      53
      82
      80
      72
      79
      64
      80
      92
      77
      95
      85
      75
      85
      64
      70
      65
      82
      60
      77
      67
      63
      62
      51
      48
      78
      60
      70
      64
      58
      79
      53
      77
      71
      67
      74
      66
      65
      66
      81
      65
      57
      63
      61
      63
      75
      66
      77
      56
      62
      65
      56
      49
      69
      52
      78
      63
      81
      64
      66
      56
      69
      68
      62
      54
      66
      66
      68
      52
      52
      65
      62
      68
      53
      67
      73
      71
      70
      72
      67
      63
      92
      78
      78
     106
      91
      97
      96
      91
      77
      77
      82
      78
      76
      90
      66
      71
      69
      71
      68
      69
      83
      58
      82
      75
      62
      75
      67
      59
      68
      66
      70
      58
      67
      68
      61
      65
      54
      73
      63
      57
      55
      62
      59
      65
      73
      65
      53
      67
      64
      72
      66
      74
      52
      55
      66
      65
      63
      71
      64
      66
      85
      60
      67
      61
      71
      70
      53
      63
      63
      84
      57
      62
      73
      65
      70
      71
      63
      61
      68
      68
      66
      69
      71
      76
      68
      64
      62
      71
      63
      56
      58
      57
      48
      68
      58
      53
      62
      64
      75
      61
      63
      75
      62
      55
      64
      66
      71
      77
      66
      67
      50
      70
      59
      67
      66
      62
      61
      70
      51
      57
      65
      71
      62
      88
      73
      59
      71
      70
      61
      63
      69
      62
      71
      76
      54
      57
      73
      87
      56
      84
      85
      51
      72
      75
      80
      53
      56
      57
      70
      64
      77
      61
      58
      64
      73
      64
      94
      63
      64
      71
      76
      80
      65
      65
      65
      74
      52
      74
      66
      79
      52
      77
      65
      78
      56
      68
      59
      73
      55
      69
      66
      69
      65
      63
      72
      67
      71
      74
      80
      63
      60
      76
      70
      65
      56
      86
      64
      74
      87
      76
      56
      55
      85
      56
      69
      66
      63
      71
      69
      74
      76
      64
      56
      74
      63
      91
      76
      70
      79
      70
      60
      69
      61
      74
      70
      66
      66
      83
      60
      70
      69
      70
      73
      63
      62
      60
      74
      60
      64
      64
      70
      72
      69
      84
      63
      61
      68
      66
      69
      73
      72
      51
      84
      58
      53
      75
      72
      68
      76
      64
      67
      61
      71
      66
      75
      61
      69
      59
      76
      61
      68
      78
      64
      74
      64
      68
      67
      76
      80
      75
      77
      72
      55
      71
      77
      86
      68
      75
      72
      61
      65
      68
      67
      73
      60
      86
      72
      72
      70
      77
      72
      68
      75
      74
      64
      85
      75
      62
      72
      73
      70
      70
      62
      51
      70
      79
      69
      58
      71
      73
      72
      70
      70
      83
      80
      58
      63
      72
      69
      83
      68
      74
      67
      70
      80
      76
      73
      66
      72
      73
      73
      84
      65
      72
      70
      69
      83
      77
      77
      68
      73
      70
      67
      61
      73
      82
      74
      74
      73
      71
      58
      70
      64
      70
      75
      76
      77
      65
      72
      64
      80
      79
      59
      65
      81
      63
      75
      81
      79
      51
      82
      65
      69
      75
      66
      81
      63
      70
      65
      74
      63
      64
      79
      66
      66
      79
      60
      79
      64
      69
      76
      63
      62
      71
      66
      81
      55
      74
      62
      67
      74
      80
      64
      57
      68
      70
      64
      69
      89
      76
      66
      57
      81
      73
      72
      75
      78
      63
      61
      68
      61
      73
      70
      61
      87
      62
      69
      68
      64
      65
      71
      71
      82
      51
      59
      69
      85
      76
      59
      67
      76
      71
      59
      62
      65
      74
      83
      50
      67
      75
      61
      64
      85
      83
      68
      70
      68
      55
      74
      67
      73
      77
      77
      59
      86
      56
      65
      64
      66
      70
      63
      85
      57
      68
      66
      67
      73
      63
      65
      68
      70
      67
      62
      70
      80
      74
      70
      74
      86
      71
      67
      67
      73
      76
      71
      67
      75
      60
      79
      52
      77
      64
      58
      58
      68
      55
      64
      64
      53
      68
      75
      66
      65
      64
      73
      84
      62
      69
      67
      70
      83
      74
      65
      58
      77
      77
      63
      83
      63
      75
      68
      71
      61
      86
      60
      52
      53
      70
      67
      76
      68
      64
      69
      56
      77
      69
      51
      69
      77
      65
      64
      61
      78
      71
      66
      50
      73
      61
      72
      62
      60
      77
      54
      68
      79
      73
      73
      50
      61
      67
      51
      68
      56
      74
      56
      64
      73
      72
      66
      73
      63
      56
      87
      61
      77
      66
      64
      76
      64
      60
      70
      58
      62
      74
      71
      61
      75
      59
      74
      68
      68
      85
      65
      78
      65
      66
      79
      60
      67
      61
      74
      61
      58
      72
      66
      66
      74
      57
      50
      69
      46
      72
      70
      61
      85
      71
      61
      59
      62
      72
      66
      72
      39
      75
      72
      62
      52
      58
      84
      63
      61
      61
      69
      74
      57
      71
      67
      57
      62
      64
      49
      73
      72
      68
      55
      41
      71
      71
      53
      74
      66
      75
      57
      79
      74
      63
      66
      64
      54
      53
      62
      67
      68
      62
      66
      66
      57
      51
      56
      78
      62
      78
      58
      48
      56
      67
      58
      55
      59
      56
      61
      53
      61
      53
      56
      67
      70
      66
      63
      67
      54
      52
      72
      60
      63
      48
      46
      73
      70
      59
      55
      58
      58
      60
      75
      50
      61
      61
      65
      57
      57
      47
      65
      54
      65
      55
      53
      78
      61
      63
      62
      56
      62
      65
      55
      48
      64
      57
      58
      55
      54
      59
      55
      60
      45
      59
      62
      62
      56
      63
      48
      61
      52
      65
      57
      66
      70
      55
      58
      54
      65
      64
      66
      58
      52
      60
      57
      57
      70
      71
      61
      73
      65
      53
      51
      52
      62
      60
      56
      45
      60
      42
      57
      57
      51
      68
      60
      67
      71
      62
      61
      51
      59
      63
      53
      46
      59
      67
      64
      76
      70
      48
      59
      75
      48
      63
      57
      63
      62
      47
      56
      55
      60
      59
      53
      47
      67
      51
      56
      61
      65
      70
      52
      59
      56
      50
      82
      46
      66
      62
      53
      61
      38
      48
      58
      62
      50
      73
      66
      58
      47
      58
      51
      58
      59
      56
      77
      65
      61
      53
      58
      50
      65
      60
      75
      63
      65
      54
      48
      56
      69
      64
      61
      60
      58
      55
      53
      53
      58
      62
      67
      53
      64
      61
      50
      39
      56
      64
      57
      52
      40
      74
      48
      64
      54
      58
      61
      77
      53
      67
      64
      58
      75
      80
      69
      63
      63
      82
      85
      85
      82
      82
      72
      75
      56
      97
      68
      63
      72
      60
      53
      65
      53
      56
      52
      59
      50
      51
      49
      58
      54
      57
      50
      56
      61
      47
      53
      58
      61
      46
      64
      61
      39
      44
      63
      46
      49
      61
      57
      52
      74
      60
      52
      47
      63
      57
      42
      59
      57
      45
      63
      63
      57
      48
      53
      65
      46
      48
      60
      52
      67
      59
      57
      61
      50
      51
      67
      62
      52
      49
      56
      55
      44
      52
      49
      64
      59
      48
      60
      55
      46
      39
      48
      51
      51
      50
      44
      55
      53
      55
      56
      73
      38
      44
      56
      55
      66
      48
      53
      57
      49
      52
      60
      47
      44
      46
      57
      50
      45
      45
      55
      37
      48
      57
      60
      53
      43
      53
      57
      52
      49
      46
      47
      39
      60
      56
      46
      43
      54
      46
      50
      52
      48
      40
      55
      54
      57
      42
      55
      37
      51
      51
      63
      51
      49
      40
      48
      45
      51
      51
      50
      40
      61
      53
      63
      57
      40
      63
      52
      58
      43
      50
      51
      46
      52
      55
      59
      65
      53
      57
      58
      48
      53
      51
      47
      50
      41
      54
      61
      42
      34
      50
      46
      62
      38
      55
      46
      54
      48
      49
      60
      45
      48
      48
      56
      53
      47
      48
      47
      62
      45
      51
      53
      41
      39
      55
      52
      49
      54
      58
      56
      52
      46
      56
      48
      54
      64
      54
      43
      46
      45
      45
      44
      64
      53
      38
      53
      45
      56
      54
      34
      57
      47
      41
      43
      50
      57
      44
      60
      41
      41
      59
      44
      47
      34
      32
      39
      44
      55
      37
      48
      38
      38
      40
      40
      56
      45
      28
      49
      60
      41
      56
      41
      56
      48
      43
      41
      45
      34
      43
      44
      34
      54
      45
      41
      64
      56
      45
      40
      50
      40
      46
      31
      39
      57
      43
      49
      49
      55
      48
      39
      49
      42
      45
      48
      42
      46
      50
      41
      49
      61
      52
      57
      34
      54
      51
      38
      39
      39
      54
      41
      45
      44
      36
      37
      53
      55
      46
      59
      50
      43
      47
      46
      37
      41
      56
      46
      48
      41
      45
      39
      45
      37
      57
      39
      53
      37
      60
      52
      51
      53
      46
      49
      47
      39
      40
      49
      59
      57
      47
      34
      43
      30
      54
      39
      56
      34
      43
      38
      44
      55
      48
      43
      61
      32
      35
      48
      50
      32
      54
      56
      38
      42
      42
      39
      31
      49
      53
      48
      44
      46
      40
      57
      40
      43
      41
      47
      36
      39
      39
      49
      38
      53
      46
      38
      53
      55
      46
      46
      32
      41
      44
      47
      39
      36
      46
      47
      47
      60
      49
      49
      48
      44
      37
      39
      42
      46
      44
      36
      46
      25
      42
      55
      33
      46
      37
      33
      33
      33
      50
      39
      48
      41
      39
      50
      43
      47
      41
      44
      32
      44
      43
      37
      44
      46
      61
      51
      34
      38
      49
      38
      49
      56
      47
      31
      46
      46
      39
      37
      34
      47
      45
      47
      51
      42
      49
      41
      48
      45
      38
      41
      43
      36
      39
      44
      40
      43
      46
      59
      39
      50
      35
      43
      54
      46
      37
      50
      44
      48
      44
      40
      30
      37
      45
      30
      34
      40
      37
      43
      45
      50
      57
      57
      57
      43
      61
      52
      55
      74
      78
      54
      67
      77
      62
      57
      74
      52
      69
      60
      57
      45
      59
      45
      43
      31
      56
      39
      53
      44
      34
      34
      45
      38
      35
      32
      40
      57
      42
      42
      42
      41
      42
      49
      42
      42
      46
      42
      50
      39
      46
      44
      39
      39
      39
      40
      35
      43
      37
      35
      32
      43
      35
      25
      40
      30
      38
      41
      30
      38
      39
      44
      43
      42
      53
      38
      35
      35
      41
      31
      25
      35
      37
      38
      45
      37
      44
      37
      32
      24
      51
      36
      42
      37
      23
      36
      34
      34
      46
      42
      30
      35
      24
      35
      41
      40
      37
      39
      49
      31
      41
      39
      39
      28
      26
      39
      36
      37
      29
      50
      26
      42
      35
      33
      33
      28
      30
      32
      32
      28
      31
      36
      34
      41
      32
      36
      37
      43
      36
      34
      30
      36
      29
      31
      25
      27
      40
      34
      36
      32
      39
      42
      30
      42
      39
      37
      39
      38
      30
      48
      51
      22
      39
      35
      33
      45
      36
      39
      34
      33
      33
      42
      38
      38
      41
      41
      26
      30
      40
      23
      36
      43
      37
      28
      35
      37
      31
      36
      36
      30
      30
      35
      31
      28
      21
      36
      30
      29
      39
      39
      44
      35
      35
      29
      36
      35
      29
      44
      26
      33
      26
      39
      30
      34
      42
      31
      39
      34
      32
      18
      25
      36
      28
      31
      20
      33
      31
      40
      37
      38
      42
      36
      43
      32
      33
      30
      28
      33
      37
      35
      35
      27
      36
      38
      35
      32
      37
      29
      28
      39
      25
      39
      25
      30
      32
      32
      29
      38
      34
      45
      29
      22
      45
      35
      26
      30
      32
      48
      33
      29
      31
      29
      43
      28
      31
      26
      28
      42
      42
      15
      47
      38
      32
      30
      29
      31
      38
      37
      30
      25
      30
      33
      31
      25
      32
      31
      26
      34
      33
      39
      41
      30
      46
      31
      26
      38
      25
      30
      28
      31
      33
      21
      34
      34
      30
      16
      29
      30
      35
      41
      33
      31
      32
      32
      33
      30
      36
      40
      36
      34
      31
      29
      38
      26
      37
      24
      27
      37
      38
      35
      40
      31
      29
      35
      25
      43
      30
      34
      30
      27
      33
      38
      35
      44
      26
      33
      33
      32
      27
      32
      38
      27
      31
      29
      25
      26
      27
      32
      35
      24
      25
      35
      33
      28
      36
      32
      24
      32
      31
      32
      19
      41
      38
      20
      25
      23
      32
      30
      31
      32
      28
      35
      34
      28
      36
      46
      32
      20
      29
      27
      34
      26
      25
      31
      28
      31
      38
      29
      37
      44
      34
      26
      31
      27
      24
      35
      29
      24
      39
      24
      27
      23
      34
      31
      30
      36
      22
      20
      35
      32
      28
      32
      35
      41
      29
      28
      23
      33
      35
      20
      31
      31
      33
      34
      35
      28
      27
      25
      30
      29
      31
      33
      29
      25
      34
      34
      34
      35
      30
      31
      28
      24
      22
      30
      33
      29
      30
      25
      18
      29
      27
      28
      31
      33
      29
      34
      26
      38
      38
      27
      35
      26
      20
      32
      28
      36
      31
      27
      36
      24
      32
      35
      30
      26
      26
      29
      21
      26
      28
      26
      34
      30
      26
      28
      36
      26
      21
      24
      28
      25
      44
      32
      30
      31
      29
      37
      18
      24
      30
      31
      24
      24
      25
      29
      35
      20
      28
      32
      29
      27
      29
      22
      20
      31
      32
      37
      26
      30
      27
      25
      28
      36
      32
      33
      40
      40
      21
      30
      24
      37
      41
      28
      23
      29
      39
      23
      38
      39
      37
      43
      30
      35
      42
      33
      41
      23
      49
      38
      29
      29
      23
      30
      29
      32
      24
      32
      31
      23
      30
      34
      28
      22
      28
      32
      28
      34
      25
      28
      27
      21
      20
      37
      15
      27
      31
      14
      23
      29
      29
      27
      23
      30
      25
      31
      25
      21
      14
      28
      22
      34
      27
      25
      26
      27
      37
      25
      17
      34
      29
      20
      37
      22
      21
      31
      34
      38
      29
      22
      19
      19
      19
      20
      15
      28
      19
      38
      27
      14
      28
      29
      26
      39
      20
      22
      23
      30
      29
      27
      28
      34
      18
      31
      13
      29
      19
      32
      28
      16
      25
      26
      25
      24
      28
      30
      26
      30
      30
      25
      34
      32
      21
      17
      21
      21
      31
      24
      24
      32
      24
      22
      22
      27
      22
      31
      24
      32
      26
      23
      33
      27
      30
      20
      23
      22
      25
      21
      20
      21
      17
      24
      29
      24
      28
      23
      25
      26
      26
      28
      30
      23
      21
      24
      28
      19
      22
      24
      20
      21
      26
      26
      21
      36
      28
      25
      21
      31
      23
      35
      24
      22
      23
      27
      26
      30
      32
      24
      26
      29
      30
      17
      28
      24
      28
      13
      25
      22
      18
      22
      33
      22
      26
      20
      30
      31
      27
      21
      20
      19
      26
      28
      28
      29
      27
      29
      24
      24
      19
      21
      23
      26
      22
      29
      19
      30
      44
      19
      26
      23
      23
      28
      29
      36
      21
      36
      21
      20
      23
      28
      23
      26
      34
      26
      20
      30
      20
      19
      20
      24
      21
      28
      29
      25
      19
      21
      24
      22
      24
      24
      35
      28
      31
      28
      24
      21
      22
      27
      22
      26
      33
      29
      24
      15
      21
      26
      21
      24
      18
      22
      24
      20
      19
      22
      20
      21
      22
      22
      25
      40
      21
      20
      24
      31
      22
      23
      21
      30
      24
      26
      20
      22
      20
      22
      22
      33
      14
      20
      33
      25
      22
      20
      36
      25
      23
      22
      16
      25
      22
      24
      20
      28
      24
      22
      26
      20
      21
      27
      26
      24
      20
      19
      14
      33
      27
      24
      20
      22
      23
      16
      24
      35
      21
      20
      20
      19
      19
      21
      23
      19
      15
      33
      18
      22
      22
      28
      25
      23
      26
      22
      27
      25
      22
      24
      19
      20
      23
      24
      24
      26
      18
      22
      21
      27
      25
      26
      23
      25
      24
      25
      32
      22
      30
      18
      18
      25
      20
      20
      25
      19
      17
      18
      24
      19
      21
      27
      23
      18
      17
      22
      25
      31
      29
      17
      19
      22
      22
      19
      20
      20
      27
      22
      23
      19
      28
      17
      22
      16
      22
      28
      24
      26
      22
      30
      23
      28
      32
      27
      35
      25
      27
      27
      35
      33
      35
      28
      21
      17
      23
      32
      26
      21
      20
      22
      20
      22
      23
      17
      22
      25
      17
      24
      22
      22
      24
      14
      21
      27
      23
      28
      30
      14
      27
      25
      22
      35
      20
      22
      23
      25
      20
      21
      16
      35
      13
      22
      18
      21
      20
       9
      27
      24
      27
      21
      21
      21
      13
      13
      19
      20
      22
      34
      20
      18
      12
      24
      28
      16
      23
      32
      21
      19
      17
      18
      26
      16
      25
      22
      24
      23
      31
      18
      23
      26
      20
      25
      16
      28
      26
      25
      25
      16
      27
      24
      11
      19
      25
      22
      20
      22
      25
      13
      16
      20
      20
      26
      18
      17
      21
      18
      16
      24
      14
      17
      21
      19
      25
      19
      21
      21
      29
      28
      27
      30
      32
      28
      33
      36
      37
      40
      30
      42
      23
      44
      38
      37
      33
      43
      30
      39
      29
      34
      24
      23
      26
      37
      20
      19
      14
      25
      25
      20
      16
      17
      24
      17
      28
      23
      13
      23
      26
      30
      17
      19
      22
      27
      17
      19
      15
      20
      20
      17
      21
      26
      20
      14
      27
      23
      19
      18
      26
      20
      20
      20
      23
      27
      27
      20
      17
      16
      21
      30
      20
      16
      18
      14
      17
      15
      24
      17
      20
      19
      18
      23
      15
      26
      29
      18
      18
      20
      28
      14
      16
      30
      17
      24
      20
      15
      20
      28
      17
      13
      29
      19
      20
      18
      26
      12
      22
      15
      17
      19
      23
      15
      26
      23
      19
      19
      20
      19
      14
      23
      21
      15
      21
      27
      17
      17
      18
      22
      23
      18
      15
      16
      13
      22
      21
      15
      14
      16
      19
      20
      21
      19
      33
      17
      23
      18
      25
      18
      12
      16
      21
      23
      21
      22
      14
      13
      26
      18
      19
      17
      28
      21
      22
      19
      25
      18
      17
      24
      23
      22
      17
      11
      22
      23
      23
      15
      29
       9
      13
      21
      17
      17
      21
      15
      22
      28
      28
      15
      21
      19
      22
      13
       6
      11
      24
      18
      12
      22
      15
      20
      13
      19
      20
      21
      16
      12
      22
      15
      15
      17
      14
      18
      22
      17
      15
      23
      19
      19
      21
      19
      18
      13
      22
      24
      19
      26
      25
      16
      25
      18
      22
      16
      11
      19
      24
      19
      23
      23
      20
      16
      20
      14
      20
      17
      21
      17
      15
      15
      25
      18
      14
      18
       9
      21
      18
      18
      15
      17
      15
      19
      20
      14
      19
      17
      15
      18
      18
      21
      18
      27
      17
      17
      16
      19
      20
      18
      16
      31
      14
      12
      15
      27
      21
      17
      24
      19
      12
      16
      17
      14
      26
      19
      21
      14
      22
      30
      19
      20
      16
      27
      13
      14
      19
      16
      20
       9
      25
      13
      21
      29
      17
      20
      19
      16
      17
      17
      16
      16
      23
      20
      16
      18
      23
      26
      22
      14
      20
      20
      20
      14
      18
      16
      17
      14
      18
      12
      20
      14
      15
      27
      19
      20
      20
      24
      26
      25
      17
      23
       6
      15
      27
      14
      19
      11
      18
      25
      16
      16
      17
      16
      21
      22
      20
      12
      18
      21
      20
      23
      18
      22
      19
      18
      16
      13
      13
      19
      12
      15
      15
      23
      18
      15
      27
      15
      10
      14
      19
      14
      16
      17
      15
      27
      10
      23
      17
      15
      24
      17
      12
      14
      19
      17
      19
      18
      18
      16
      17
      25
      23
      21
      12
      24
      20
      15
      13
      16
      14
      18
      10
      21
      12
      17
      14
      12
      11
      17
      16
      22
      17
      18
      12
      21
      15
      15
      20
      20
      12
      15
      14
      25
      13
      18
      19
      18
      22
      15
      14
      26
      25
      21
      10
      10
      21
      18
      20
      18
      22
      16
      17
      16
      23
      13
      23
      18
      23
      11
      17
      27
      13
      19
      15
      13
       8
      14
      15
      15
      11
      12
      10
      24
      14
      19
      22
      23
      19
      17
      16
      19
      17
      22
      22
      20
      27
      21
      22
      17
      17
      16
      15
      18
      20
       9
       8
      18
      18
      20
      16
      20
      23
      13
      14
      24
      12
      15
      16
      16
      16
      22
       7
      13
      16
      11
      14
      27
      21
      17
      15
      25
      19
      18
      21
      17
      16
      13
      17
      16
      22
      25
      14
      18
      17
      15
      21
      21
      13
      16
      20
      15
      21
      22
      18
      19
      18
      21
      20
      18
      17
      19
      16
      15
      26
      13
      16
      20
      27
      21
      26
      26
      17
      14
      17
      17
      13
      10
      14
      15
      16
      17
      16
      19
      16
      14
      18
      20
      24
      14
      21
      17
      16
      15
      15
      13
      16
      20
      19
      19
      18
      18
      12
      12
      19
      17
      21
      18
      14
      18
      15
      20
      13
      15
      15
      14
      19
      13
      19
      26
      11
      14
      18
      18
      25
      17
      19
      21
      12
      16
       8
      24
      14
      10
      14
      12
      16
      17
      22
      15
      19
      22
      14
      11
      18
      14
      13
      17
      16
      11
      20
      20
      24
      17
      20
      13
      23
      15
      19
      18
      13
      13
       5
      14
      16
      16
      19
      13
      20
      22
      13
      14
      11
      17
      19
      19
      16
      16
      22
      17
      16
      16
      15
      18
      17
      14
      18
      19
      19
      16
      23
      21
      13
      20
      19
      14
      14
      13
      14
      14
      16
      16
      12
      19
      21
      14
      16
      19
      28
      14
      12
      20
      16
      12
      16
      19
      15
      20
      13
      21
      18
      16
      12
      12
      17
      19
      12
      17
      15
      13
      18
      14
      12
      20
      14
      11
      22
      11
      16
      28
      19
      16
      14
      15
      15
      14
      19
      14
      12
      17
      15
      12
      18
      13
      19
      19
      16
      11
      17
       6
      14
      19
      19
      20
      12
      15
      20
      15
       9
      15
      10
       8
      20
      16
      14
      19
      16
      20
      14
      16
      14
      17
      19
      19
      14
      17
      17
      17
      15
      17
      15
      17
      13
      11
      16
      12
      21
       7
      11
      21
      19
      14
      15
      20
      24
      10
      18
       7
      16
      16
      22
      11
      11
      20
      11
       8
      14
      14
      16
      15
       7
       9
      18
      11
      17
      13
      11
      13
      18
      18
      21
      14
      13
      14
      13
      12
      16
      17
      18
      14
      15
      13
      15
      12
      24
      16
      17
      20
      12
      13
      25
      23
      17
      19
      16
      20
       9
      12
      13
      15
      12
      15
      18
      20
      27
      22
      10
      19
       9
      20
      21
      10
      18
      20
      21
      13
      15
      19
      18
      17
      14
      18
      16
      11
      12
      18
       9
      10
      13
      14
      20
      13
      12
      13
      20
      18
      13
      20
      12
      11
      16
      12
      21
      14
      13
      17
      16
      14
      12
      13
      16
      12
      16
      20
      12
      15
      12
      16
      11
      12
      19
      10
      14
      14
      21
      14
      15
      15
      13
      16
      15
       9
      18
      16
      15
      23
      18
      13
      11
       7
      14
      12
      10
      10
      14
      10
      15
      18
      16
      11
      13
      18
      11
      15
      19
      11
      11
      19
      16
      12
      10
      20
      16
      17
      10
      10
      16
      17
       9
      17
      14
      11
      20
      16
      14
      16
      12
      10
      11
      12
      13
      20
      14
      15
      15
      15
      10
      13
      18
      14
      19
      17
      22
      15
      18
      14
      18
      17
      12
      16
      16
      21
      12
      13
      15
       9
       8
      11
      16
      13
      16
      15
      15
       8
      11
      16
       5
      14
      10
      11
      14
      22
       7
      11
      15
      21
      10
      21
      12
      15
      12
      16
      12
      17
      10
      14
      17
      14
      22
      15
      13
       9
      12
       8
      13
      12
      12
      22
      18
       9
       8
      15
       9
      15
      12
      10
      12
       6
      10
       9
      16
      12
      14
       9
      19
      14
      14
      14
      17
      12
      16
      16
      14
      15
      12
      15
      18
      16
      14
      12
      16
      20
       9
      22
      15
      10
      11
      13
      19
      17
      15
      16
      15
      24
      20
      15
      11
      19
      11
      16
      19
      16
      15
      14
      20
      11
      19
      13
      12
      14
      15
      22
      25
      18
      19
       7
      17
      17
       9
       9
      17
      15
      19
      19
      21
      14
      11
      16
      14
      13
      13
      10
      13
      15
      15
      12
      11
      14
      17
      19
      11
      11
      17
      12
      13
      12
       9
      16
      11
      14
      14
      21
      21
      13
      19
       9
      19
      18
      14
      14
      14
      13
      16
       8
      15
      16
      14
      11
      18
      11
      14
      16
      13
      12
      22
      14
      18
      16
      11
      14
      15
      12
       7
      10
      13
      15
      11
       8
      15
      13
      19
      17
      10
      13
      18
      11
      14
      15
      12
      22
      11
      15
      15
      12
      17
      12
      16
       9
      19
      20
      14
      16
      15
      16
      18
       9
       9
      18
       7
      23
      11
      20
      12
      13
      14
      13
      16
       9
      16
      16
      19
      15
      13
      19
      10
      14
      15
      19
      12
      12
       7
      22
      17
      15
      18
      14
      16
       9
      17
      17
      12
       9
       9
      15
      16
      16
      20
      10
      12
      13
       8
      10
       7
      15
      11
      15
      14
       8
      13
      20
      10
      15
      13
      14
      12
      18
      14
      22
      16
      13
      11
      11
      10
      13
      15
      17
      10
      13
       8
       8
      17
      10
      10
      13
      15
      10
      15
       9
      14
      17
      16
      10
       8
       9
       8
       9
      11
       6
      11
       9
      11
      19
      12
      14
       9
      14
      18
      15
      22
      15
      19
      15
       8
      12
      16
      11
       9
      10
      13
       9
      14
      13
       9
      12
      12
      12
       9
      11
      14
      10
      13
       9
      14
      11
      12
      14
      18
      14
      12
      13
      15
      15
      15
       9
      13
      18
      12
      14
      16
      10
      10
      10
      15
      15
      14
      12
      12
      13
       9
      13
      13
      13
      15
      12
       5
      16
      12
      10
      22
      13
       8
       9
      13
      12
      10
      14
      15
       8
       7
      14
      15
      14
      11
      15
      12
      12
      17
      12
      18
      18
       9
      12
      13
      17
      11
      13
      10
       6
      13
      15
      14
      14
      12
      15
      13
      15
      16
      13
      10
       8
      11
      12
      10
      12
      18
      18
       9
       9
      11
      11
      14
      13
      13
      15
       8
      15
      13
      13
      15
      13
      20
      12
      13
      13
      19
      13
      11
       7
      13
       8
      22
      12
       9
      19
       9
      17
      11
      13
      20
      14
      16
      11
      21
      11
       9
      15
      12
      11
      10
       8
       7
      10
      14
      15
      10
      10
      13
      13
      14
      17
      11
      10
      12
       9
      16
       8
      14
      17
      12
      13
      12
      10
      19
      14
      12
      10
      12
      12
      16
      12
      12
      15
      13
      10
      14
      19
      13
       9
      19
      13
      18
      13
      10
      12
      13
       9
      14
      10
      13
      19
       8
       6
      19
      11
       8
      10
      14
      17
      14
      12
      14
      17
      20
      24
      19
      21
      26
      27
      25
      22
      20
      28
      25
      27
      37
      37
      25
      39
      39
      35
      29
      56
      38
      50
      49
      47
      36
      49
      57
      25
      42
      49
      39
      37
      36
      46
      39
      30
      27
      35
      27
      30
      30
      23
      32
      17
      23
      17
      21
      23
      13
      16
      15
      21
      13
      11
      16
      15
      13
      16
      18
      11
      14
      16
      16
      18
      10
      15
      12
      12
      15
      12
      13
       6
      14
      14
       8
      21
      14
      13
      14
      12
       9
      12
      14
      11
       7
      15
      14
      10
       8
      11
      11
      11
      10
      13
      11
      13
      14
       9
      13
      14
      18
       9
      14
      11
       7
      11
      11
      12
      10
      10
      15
      15
      18
      10
      14
      10
      12
      12
      16
      21
      18
      10
       9
      13
      12
      15
      14
      11
      19
      16
      11
      12
      10
       9
      10
       5
      23
      13
      10
      13
      11
      22
      13
      10
      12
      19
      13
      14
      13
      17
      11
      15
      10
      13
      12
      11
      13
      16
      16
      11
      12
      15
      13
       8
      12
      11
       7
       8
      10
      11
       9
       9
      17
      11
       7
      10
      13
      17
      13
      15
      12
      11
      12
      15
      12
       9
      11
      10
       8
      10
       7
       8
      11
      14
      17
      12
      14
      12
      13
      16
      16
      12
      17
      12
      16
       9
      14
      14
       9
       9
      13
       7
      15
       9
      10
      14
      11
      10
      13
       9
      13
       9
      12
       8
      10
      11
      10
      12
       5
       7
       9
      11
       9
      13
       8
      13
       7
      15
      14
      13
      12
       4
      16
      12
       9
       7
      15
      12
       8
       7
      23
      18
      10
       9
       5
      14
      14
      11
      12
      13
      15
      11
       7
       9
      15
      18
      13
      13
       9
      12
      14
       6
      20
      10
       8
      14
      16
      10
      14
      12
      13
      18
      20
       9
      10
      14
       8
      11
       9
       6
      12
       9
       8
       9
      10
      13
       8
       6
      11
       8
      11
       9
      13
      13
      12
      13
      11
      12
       9
      11
       8
      13
      12
       9
      11
      13
      12
      16
       9
      11
       5
       5
      15
      10
      11
       6
      11
      19
      15
      10
       8
       8
      15
      10
      13
      16
      11
      10
      12
      10
      16
       4
       7
      14
      13
      13
       8
      12
       9
       9
       7
       7
      12
      13
       8
      15
      12
       8
      15
      17
      16
       6
      11
       9
      11
      10
      10
      11
      11
       9
      14
      10
       6
      12
       4
       5
       7
      10
      16
       6
      15
       8
       9
      13
      11
       8
      14
      13
       8
      12
      18
      10
      18
      10
      11
       6
      14
      17
      12
      10
      10
       6
      11
      12
       8
      10
      13
       5
      11
      14
      13
       7
      10
       9
      12
      11
      11
      11
      19
      12
      11
       8
       5
      13
      16
       7
       9
      10
      10
      12
      14
       6
      16
      21
       9
      12
       8
      12
      12
      14
      10
      11
      10
      13
       8
      13
       8
       1
      14
      14
      13
      14
      16
      13
      21
       4
      13
      14
       7
       6
      12
      13
      11
      14
       9
      17
      12
      15
      16
       7
      15
      11
      10
      10
      10
       8
      11
      10
      11
      11
      14
      11
      10
       8
      11
      14
      10
       8
      13
      11
      12
      13
      12
       8
      15
      13
       4
      15
       9
      18
       8
      10
       8
      15
       8
      10
      14
       9
       9
      10
      11
      12
      10
      12
      16
      18
       9
       9
       4
      12
      23
      11
      13
      12
      10
       8
      13
      12
      15
      11
      13
      10
      17
      11
      12
      12
      13
       8
       7
      11
      10
       7
      23
      10
      16
       8
       7
      11
       4
       7
      17
       9
      11
      12
       8
      13
       6
      11
       5
       8
       5
       8
      11
       7
      11
       3
       4
       7
       9
      15
      10
      10
      11
      11
      13
       5
      13
      16
       8
      14
       7
      10
      13
      10
      10
      10
      10
      10
       5
      16
      11
      14
      15
       8
      12
       7
       7
      14
      11
       8
       7
      10
       9
       4
       8
      11
      12
       9
       7
      17
       6
       5
      13
      10
      13
      10
      10
      11
       7
       8
       8
       8
      15
      18
       7
      15
      14
      12
       7
      13
       5
       9
       8
      15
       6
       9
      13
      10
      12
      17
      11
       9
      13
       6
       9
      13
      11
      15
      16
      17
       8
       8
      12
       8
       8
       9
       9
      13
      11
       8
       7
      12
      14
       9
      15
      12
      13
      13
       9
      12
      11
      11
       8
      12
      10
      17
       9
      10
      10
       8
      14
       8
      13
      10
       6
      10
      10
      13
       6
      10
      11
      11
      10
      11
       9
      13
       9
      13
      11
      19
       9
      11
      14
       9
       8
       8
      11
      10
      11
      13
       9
      14
      13
      11
      20
      10
      21
      20
      19
      15
      13
      16
      17
      17
      25
      22
      22
      18
      18
      15
      17
      14
      17
      16
      17
      17
      10
      16
      20
      14
      10
       8
      16
       8
      11
      13
      10
       4
      12
      11
       7
      17
      11
      11
      14
      13
       4
      11
      11
       9
      13
       7
       7
      12
      15
      11
       8
      15
       9
      13
      10
      13
      12
       8
       8
      13
      14
      12
      12
       8
      19
       9
      14
      11
      13
       8
       5
       7
       5
       7
      11
      19
       8
       9
      10
      11
       5
      14
      15
       7
      10
      14
       8
      15
       9
       8
       8
       6
      10
      14
       7
      10
      15
       7
       8
      12
       9
      14
      11
      13
      10
       6
      17
      14
      10
       7
      11
      15
       9
      13
      11
      12
       9
      12
       7
      13
       6
      14
       8
      12
      12
       8
      13
       9
      16
      10
      13
       9
      11
       5
      15
       9
       6
       8
       9
      12
      14
       6
      10
       8
      14
      10
      15
      11
      11
       7
       6
      14
      14
      14
       9
       9
      13
      10
      17
      15
       6
       9
       9
      16
      12
       5
      12
       7
      12
       3
       9
       4
       9
      10
       7
       6
       9
      15
      10
       8
      10
       7
       9
      12
       7
      10
       7
       7
       7
       7
      10
      12
      13
       8
       8
      12
       8
       6
       8
      10
      12
      13
      10
       8
      10
       7
       9
       7
       8
      11
      12
      10
       9
       7
       7
       7
       6
       9
      18
       8
      13
       9
      13
       7
      10
       8
      12
      12
      11
       7
      13
      10
      14
       8
       9
      11
       8
      12
      10
       9
      15
      12
      11
      11
      17
      16
      13
      15
      16
      19
      16
      28
      19
      27
      22
      22
      32
      18
      27
      30
      29
      26
      23
      25
      27
      26
      18
      21
      12
      14
      21
      17
      23
      14
      11
      16
      17
       7
      12
      10
      10
      16
       9
      12
       5
       8
       6
       7
       6
       6
      11
       8
       6
      10
      11
      12
       8
       7
      12
      14
       7
       7
      11
       5
       6
      15
       9
       7
      19
       8
      10
      10
       7
      15
      11
       5
       3
       9
       7
      12
       9
       7
       8
       7
       8
      15
       7
       6
       9
      12
      13
      11
      14
      15
      10
       8
       9
      10
       7
       9
      17
       8
      12
       9
       9
      10
       7
       7
      13
      12
       7
      14
       6
       9
       9
       8
      10
       8
       8
       5
       9
       8
       9
       6
       8
      14
      12
      14
       9
      12
      17
      16
      12
       6
       8
      14
      10
       8
      13
      11
      10
      15
      13
       7
       5
       7
       9
      10
       9
       9
       8
      10
       8
       6
      12
      12
       8
      12
      12
       5
       7
       6
       5
       9
       8
      10
       5
      13
       9
      11
      10
       8
      10
       7
       8
      13
       9
      11
      13
       6
      10
       4
       9
       6
      10
      13
       6
       7
       7
      11
      11
       8
      10
      16
      12
      12
      15
       9
       4
       9
      11
      11
      12
       8
       7
       6
      10
      15
       9
       5
       6
       7
      10
      12
      10
      11
      11
       8
      11
       8
       9
       2
      10
       6
       7
       4
      15
       9
      12
      15
      13
      12
       5
      13
      15
       8
       9
       5
       6
      12
       5
       9
       8
       4
       5
      15
      10
       8
       8
      11
       9
       6
       7
       8
       8
       7
       6
       6
       9
       7
      11
       5
       5
       7
       6
       9
       6
      14
      10
       6
       9
      10
       8
       8
      11
      12
      14
      11
      10
      12
       4
      12
       6
       8
       5
       9
       7
      15
      16
       7
       9
       7
      10
       5
       5
      12
      10
       3
       8
      12
       8
      11
       9
       9
      10
      12
       8
      15
       7
      11
       7
       8
      11
       9
       2
       7
       7
       7
       5
       6
      10
       8
       9
      10
       9
       6
      12
       8
      15
      10
       6
       7
       9
      13
       9
       4
      10
      12
      11
       9
       9
      11
      10
      15
       7
      12
      14
       7
       7
       7
      11
      11
      14
      12
      12
      10
       6
      12
       6
       9
       8
       8
      12
      13
      12
      16
       6
       8
      10
       8
      10
       9
      12
       9
      11
       4
      11
      15
       7
       7
      14
      11
      14
       5
      13
       8
      10
       8
       8
      10
      11
       7
       9
       8
      13
       6
       4
       4
       9
       4
       8
      12
       6
      11
      12
      14
       8
       3
      12
      15
      12
      11
       5
       7
       8
       4
       9
       6
      10
      12
      10
       8
      10
       3
       7
      11
       9
      11
       8
      10
      17
       6
       8
      12
       9
      10
       5
      10
      16
       4
      12
      14
       6
      11
      10
       8
       6
       6
      13
       7
      13
       8
      11
       9
       5
      14
      15
       4
      10
      11
      11
      18
       7
       6
       9
       9
      11
      10
       8
      11
      10
       7
      14
      11
       9
      10
       7
      13
       7
       3
       8
      12
       7
       7
      11
       9
      15
       9
      12
       8
      10
       9
       2
      15
       8
      11
       8
      10
       5
      10
       7
       8
       6
      11
      15
       6
       9
       8
      13
       7
       9
      10
      17
      10
      13
       9
       8
       8
       9
      13
       9
       8
      18
      13
      16
      22
      13
      15
       9
       7
      16
      14
      22
      19
      16
      17
      15
      12
      19
      13
      16
      11
      14
      12
       9
      14
      10
       4
       9
      14
      15
       6
       8
       7
      10
       9
       9
      11
       5
      16
      16
       8
       7
       9
      11
      10
       9
      14
      10
       6
       9
      19
      12
      10
       6
      14
       9
       8
       4
      11
       9
      13
       4
       9
       5
       8
      14
      14
       9
      10
      10
      11
       7
       4
       5
       8
      11
      11
       6
       6
       8
       5
      10
       5
      11
       8
       7
      10
      16
       7
       6
       9
       8
       5
       8
       8
      12
       8
       8
      12
       7
       5
      10
       8
      12
       5
      11
       9
       7
       6
      10
      10
      10
      10
       6
       9
       7
       3
      10
       6
       6
      11
       9
       7
      16
      14
       6
       5
       6
      11
      15
      12
       7
       8
       9
      10
       6
       7
       9
      11
       6
      10
      10
       8
       5
      12
       9
       9
       5
       9
      11
      10
       9
       6
       4
       6
       4
       9
       8
      12
      12
       5
       8
       7
       8
      12
      12
       5
      11
      12
       5
       7
       9
       7
      10
       7
       7
       4
      11
       6
      16
       4
       8
       7
      13
       9
       5
      10
       7
      13
      11
       9
       9
      12
      10
      10
       3
      10
       9
       5
       3
      12
       3
      10
      10
       9
       8
      11
      13
      13
       8
       6
       8
       9
      10
       9
       9
      10
      11
       8
       5
      10
      16
      10
       4
       7
       4
       9
       7
       6
       9
      13
      12
      11
       8
      10
       3
       9
      14
      10
      10
      14
      11
       8
       8
       4
       8
       7
       6
       7
      12
       8
      10
       8
       6
       8
       9
       8
       8
      10
       7
      10
      10
       7
      10
       5
       6
       9
       6
       7
      10
       7
       4
       7
      11
      11
      12
      18
       9
       8
       8
       9
       7
      12
       6
       9
       9
       9
      14
      10
       8
       6
       6
       6
      14
      10
       6
       7
       6
       4
      12
       4
      11
      14
       6
      11
       8
      11
      12
      12
       3
       5
      11
      14
       7
      11
       6
       9
      10
       8
       7
      17
       7
       4
       5
      12
       6
      10
      12
       9
      12
       9
       4
       7
       4
       4
      12
      10
       7
      13
       5
       7
       7
       9
      12
       8
       7
      10
       8
       8
       8
      10
      12
      11
       9
       9
      10
       5
      10
       6
      10
      11
      12
      14
       7
       7
       7
       6
       7
       6
       8
       9
       4
      13
       7
      14
       8
       2
       9
       9
       9
       6
       4
       9
       9
       5
      11
       8
       7
       7
       8
      15
       8
       8
       6
      12
       9
      12
       8
      12
       5
      10
       8
       7
      12
       4
      12
       7
       7
      11
      10
       5
      13
      12
       5
       7
      10
       9
       8
      11
       9
      11
      11
       7
       9
      10
      11
      10
       7
       7
       8
      10
       6
      10
       5
      11
       9
       7
      10
       8
       7
       6
       7
       7
       9
       9
      14
       7
       8
       8
      11
      11
       4
       6
       7
       6
       8
      10
       6
      10
       9
      13
       5
       5
      10
       9
      12
      12
       5
       5
       9
       3
       5
      11
      10
       5
      10
       2
      13
       5
       8
       8
       4
       7
       7
      10
      10
       5
       6
       9
       9
       8
       4
       7
       7
       8
       1
       7
       7
       9
      10
      12
       8
       4
       9
       6
       8
       8
       6
       6
       6
      13
       6
       7
       9
       4
       5
      13
       9
       8
       5
       7
       9
       6
       8
       5
       7
       6
       5
      10
       4
       7
       7
       6
       7
      10
       3
       6
       9
       4
       7
      13
       9
      12
      12
       5
      13
      10
       8
       6
       6
      11
       5
       8
       6
       7
       5
       8
       2
      11
      11
       9
      10
      11
       7
      10
       8
       9
       5
       7
       6
      11
       8
       8
      13
      10
       7
       5
      10
      13
      12
       7
       6
       5
       3
       3
       9
       6
       9
       9
      11
       8
      14
       5
       3
      12
      11
       7
       4
       7
       5
       9
       4
       8
       8
       9
       9
      13
       8
       6
       6
      16
       9
       7
      14
       9
      10
       5
       7
       6
      10
       6
       9
      14
       4
       6
       6
      12
      12
      10
      10
       5
      11
       6
       2
      14
       8
       8
       7
      12
      13
       5
       6
       6
       4
      12
       9
       7
      16
      14
      11
      10
      12
      11
       8
      16
      11
       7
       5
       6
       4
       7
      10
       7
       8
       7
       8
       2
      10
      11
      10
       7
       7
       7
       8
       9
      10
       2
       6
       5
       7
       9
       3
       8
       7
       9
       9
       4
       6
       4
      10
       3
      10
      12
       7
       4
       8
       5
       8
       3
      10
      11
       7
       9
       2
      12
       6
       6
      12
      10
       4
       3
      12
       5
      15
       6
      10
       6
       7
      11
       9
       6
       4
      12
      10
       7
      14
      12
       9
       8
       7
       6
       8
       7
       9
       9
       6
       8
       6
       5
       9
       8
      12
       6
      13
       8
      10
       6
       3
      10
       6
       9
       8
       6
       7
       8
       8
       3
       6
       6
       8
      13
       6
       4
      10
      10
       4
      13
       8
      19
      10
       2
       7
       6
       4
       8
       7
      12
      11
       8
       5
      17
       9
      10
      13
       8
      11
      12
       9
       7
       9
       7
       8
       8
      10
       6
       5
      12
       8
      10
       8
       8
       6
       6
       7
       7
       4
      13
      14
       9
       9
       7
       7
       4
      11
       9
       8
       9
       8
      12
       7
       6
       7
       4
       6
      11
       8
      13
       7
       2
       6
       4
       8
       8
       7
       9
      11
      14
       1
       4
      14
       9
       4
       8
       8
      11
       9
       9
       3
       6
       6
       7
       7
       9
       8
       7
       6
       7
       8
       4
       4
       5
       5
       7
       9
       6
       9
       9
       8
       7
       5
       6
       8
      11
       9
       4
      14
       9
       9
      11
       7
       4
       9
      10
       6
       7
      10
       8
      12
       3
      10
       2
      14
       9
       7
      12
       7
       9
      16
      10
       5
       6
      12
       4
       7
       6
       5
       4
       9
       7
       5
      11
       6
      13
      11
       6
       2
      13
       9
       8
       9
      13
       7
       6
       3
      10
       6
      10
      11
       7
       6
       9
       5
      10
       4
       8
       3
      10
       6
       9
       4
       5
       6
       5
      12
       7
       5
       4
       8
       8
       8
       5
      12
       4
       2
       7
       4
       7
       7
       9
       6
       8
      11
       6
       5
       5
      10
       5
       6
      11
       4
      11
       7
      10
      11
       9
      13
       9
      10
       6
       7
       7
       8
       4
      10
       6
       4
       7
      11
       7
       7
       7
       7
       7
       6
       3
       7
       5
       4
       7
       4
      11
      13
       6
      13
       5
       5
       8
       7
       3
       7
       9
       6
       4
       3
      15
      10
       6
       7
      11
       9
       7
       6
       9
       6
      11
       8
      12
      10
      10
       7
       6
      15
       7
       7
       7
      14
      11
      10
      14
       4
      14
       6
       9
       8
      10
      12
       9
      14
       9
      15
      10
       7
       9
       9
      12
       9
      11
      13
       5
       7
       5
      10
       9
       6
      10
       5
       9
       8
      13
       6
       8
       4
       7
       3
      10
       6
      10
      13
      10
       6
       8
      11
       3
       9
       9
       7
       4
      15
       6
       6
       7
       5
       4
       7
       7
       7
       7
       3
       9
       6
       6
      13
       9
       9
       8
       7
       9
       4
       5
       7
      13
       4
       7
       6
      10
       7
       4
       3
       7
       8
       9
      12
       5
       9
       1
       5
       8
       8
      11
       9
       7
       6
       8
       5
      10
       9
       8
       9
       5
       7
       9
       8
       7
       7
       7
       6
       9
       4
       9
      10
       8
       4
       6
       6
       8
       5
       8
      10
       6
       3
       8
       9
       8
       7
       5
       8
       7
      11
       9
      10
       6
      10
      10
      10
       4
      11
      11
      11
      11
       3
       4
       9
       9
       9
      11
       6
       7
       8
       5
       9
       9
       5
       7
       8
       7
       5
       7
      13
       6
       8
       4
       7
       2
       6
       9
       5
      10
       9
       7
      10
       6
      11
       1
       5
       9
      10
       6
       4
      10
       9
      12
      11
       9
      11
      10
       7
       8
      10
       8
       9
       3
      11
      13
       7
       5
      10
       7
       6
       6
      11
      10
       8
      14
       6
       7
       9
       6
       7
      10
       5
       7
       6
       5
      10
       4
       9
       6
       8
      11
       9
       7
       9
      10
       5
       6
       3
       5
       9
       7
      10
       9
       9
       4
      12
       6
       8
       2
       4
       8
      10
       5
      12
       8
       7
       7
       4
       1
       7
      10
       5
      11
       7
       5
       8
       8
      12
       8
       6
      10
       8
       5
      10
      11
       8
       9
      10
       6
       9
       4
       5
       7
       7
       6
       5
       8
       4
       6
       6
       9
       5
       5
       4
      10
      11
       2
       4
       6
       8
       4
      10
      13
       5
       6
       7
       8
       3
       8
       7
       8
       8
       8
      10
       4
       4
       9
      11
       6
       3
       6
       6
       3
      10
       9
       8
       9
       7
       7
       8
       5
       7
       5
       9
       9
      11
       5
       7
       7
       3
       8
       7
       9
       6
       5
      16
       5
       8
       5
       4
       6
       8
       8
       9
       4
      13
       5
      12
      11
       7
       9
       8
      11
       8
       4
       5
      11
       6
       9
       5
       8
       4
       9
       4
       5
       5
      14
       9
       8
       5
      10
      12
      13
      11
      10
       6
      10
      11
       5
       6
      14
      13
      10
       4
       7
       5
       6
       4
       8
       5
      10
       5
       3
       7
       7
       4
       4
       6
       4
       3
       6
       7
       5
      11
       9
       7
       3
       7
      10
       3
       6
       6
       8
       6
      13
       8
       6
       9
       7
       3
      10
      10
       6
      10
       8
       5
      12
       9
      13
       7
       6
       7
       8
       4
      10
       7
       6
      13
       4
       7
       9
       5
      10
       1
       4
       2
       6
       5
       9
       7
       9
       8
       9
       4
       4
       6
       7
       8
       6
       3
       8
       4
       5
      12
       8
       3
       7
       8
       6
       5
       8
       7
       6
       9
       5
       5
       7
       6
       3
       6
       7
       8
       7
       6
       8
       5
       5
       4
       7
      12
      11
       6
      11
       5
      11
       9
       8
       4
       6
       8
       6
       7
       7
       6
       5
       2
       9
       9
       8
       5
       7
       7
       4
       8
       9
       8
       5
       9
      11
       5
       6
       6
       5
       5
      10
       8
       5
       2
       7
       9
       8
       6
      12
      11
       7
       4
       3
       7
       2
       7
       6
       8
       7
       5
      13
       5
       5
       8
       8
       9
       8
       4
       7
       6
       2
      73
     145
     160
     153
     159
     125
     147
     165
     153
     135
     124
     146
     167
     147
     149
     119
     137
     142
     153
     144
     164
     154
     150
     137
     143
     124
     155
     136
     151
     163
     144
     128
     150
     130
     133
     142
     133
     144
     136
     144
     127
     131
     136
     147
     151
     144
     130
     140
     137
     135
     144
     156
     142
     148
     150
     150
     133
     153
     135
     150
     147
     153
     150
     159
     118
     141
     119
     130
     159
     123
     164
     128
     139
     145
     139
     152
     141
     142
     124
     149
     136
     146
     136
     143
     123
     147
     146
     146
     132
     141
     131
     152
     136
     147
     130
     131
     145
     139
     157
     134
     146
     122
     116
     141
     145
     146
     134
     149
     136
     148
     130
     151
     134
     138
     123
     160
     133
     135
     133
     151
     135
     147
     129
     131
     148
     135
     143
     115
     134
     118
     143
     128
     123
     134
     143
     133
     127
     120
     141
     119
     153
     124
     127
     126
     132
     125
     127
     147
     122
     121
     135
     131
     139
     128
     136
     131
     135
     138
     141
     135
     132
     122
     103
     152
     133
     111
     125
     137
     128
     147
     144
     134
     115
     155
     127
     130
     123
     136
     119
     142
     127
     125
     141
     146
      67
$ROI:
0
$PRESETS:
None
0
0
$ENER_FIT:
0.000000 0.000000
$MCA_CAL:
3
0.000000E+000 0.000000E+000 0.000000E+000 
$SHAPE_CAL:
3
0.000000E+000 0.000000E+000 0.000000E+000
